50
47 16
5 4 4 4 5 2 4 4 5 4 4 4 5 2 4 4 5 4 4 4 5 2 4 4 5 4 4 4 5 2 4 4 5 4 4 4 5 2 4 4 5 4 4 4 5 2 4
50 16
5 5 5 5 5 5 5 5 5 5 5 5 5 5 5 5 5 5 5 5 5 5 5 5 5 5 5 5 5 5 5 5 5 5 5 5 5 5 5 5 5 5 5 5 5 5 5 5 5 5
8 4
2 1 1 0 0 1 1 2
18 8
0 0 2 4 3 3 3 2 1 1 3 3 2 2 2 1 0 0
8 4
0 1 1 3 1 2 2 2
33 16
3 2 3 3 4 4 4 4 3 3 4 4 3 2 2 2 3 2 2 1 1 1 3 3 4 3 3 4 5 5 5 5 3
42 8
5 0 0 5 3 4 1 4 3 0 5 1 3 5 3 3 1 4 3 3 0 4 1 3 0 2 5 2 5 0 5 2 4 3 2 0 1 1 2 2 2 1
16 8
3 4 2 2 3 4 3 1 2 3 3 3 4 5 4 2
44 8
4 3 4 4 5 4 5 3 4 3 4 4 5 4 5 3 4 3 4 4 5 4 5 3 4 3 4 4 5 4 5 3 4 3 4 4 5 4 5 3 4 3 4 4
39 1
3 5 3 5 3 5 3 5 3 5 3 5 3 5 3 5 3 5 3 5 3 5 3 5 3 5 3 5 3 5 3 5 3 5 3 5 3 5 3
27 8
4 3 3 4 4 4 4 3 3 4 4 5 5 5 5 4 4 3 3 4 4 4 4 3 3 4 4
30 1
2 5 2 5 2 5 2 5 2 5 2 5 2 5 2 5 2 5 2 5 2 5 2 5 2 5 2 5 2 5
26 1
5 2 5 2 5 2 5 2 5 2 5 2 5 2 5 2 5 2 5 2 5 2 5 2 5 2
40 16
5 4 4 2 4 3 3 3 5 4 4 2 4 3 3 3 5 4 4 2 4 3 3 3 5 4 4 2 4 3 3 3 5 4 4 2 4 3 3 3
32 8
3 4 5 4 3 5 5 4 4 5 4 3 2 2 2 1 3 4 5 4 3 5 5 4 4 5 4 3 2 2 2 1
5 2
2 2 2 2 2
4 1
2 5 2 5
49 4
4 2 4 5 5 1 3 4 4 2 4 5 5 1 3 4 4 2 4 5 5 1 3 4 4 2 4 5 5 1 3 4 4 2 4 5 5 1 3 4 4 2 4 5 5 1 3 4 4
36 8
4 3 3 4 4 4 4 4 4 1 1 4 4 4 4 4 4 3 3 4 4 4 4 4 4 1 1 4 4 4 4 4 4 3 3 4
21 2
5 0 1 0 5 0 1 0 5 0 1 0 5 0 1 0 5 0 1 0 5
14 1
5 5 5 5 5 5 5 5 5 5 5 5 5 5
49 16
2 1 1 3 3 2 2 3 4 3 3 4 4 3 3 4 3 2 2 2 2 1 1 2 3 2 2 3 3 2 2 3 2 1 1 3 3 2 2 3 4 3 3 4 4 3 3 4 3
25 4
3 1 2 3 5 3 4 3 3 1 2 3 5 3 4 3 3 1 2 3 5 3 4 3 3
47 1
0 5 2 3 4 0 2 3 1 2 1 4 2 0 0 2 0 2 5 4 1 5 4 1 3 4 1 5 1 5 1 5 3 1 1 1 1 3 4 0 5 0 2 0 0 3 2
50 2
0 0 0 0 0 0 0 0 0 0 0 0 0 0 0 0 0 0 0 0 0 0 0 0 0 0 0 0 0 0 0 0 0 0 0 0 0 0 0 0 0 0 0 0 0 0 0 0 0 0
18 2
5 5 5 5 5 5 5 5 5 5 5 5 5 5 5 5 5 5
43 16
5 4 4 5 4 3 3 4 3 2 1 2 2 1 1 2 3 2 2 3 4 3 3 4 3 2 3 4 4 3 3 4 5 4 4 5 4 3 3 4 3 2 1
20 8
5 4 2 2 4 4 5 0 4 3 5 4 2 0 0 0 2 2 2 4
36 2
2 4 5 5 2 4 5 5 2 4 5 5 2 4 5 5 2 4 5 5 2 4 5 5 2 4 5 5 2 4 5 5 2 4 5 5
29 8
4 3 2 3 2 3 2 4 3 2 1 4 3 4 3 5 4 3 2 3 2 3 2 4 3 2 1 4 3
35 16
5 3 3 2 5 3 3 3 5 3 3 2 4 2 2 3 5 3 3 2 3 1 1 3 5 3 3 2 4 2 2 3 5 3 3
25 8
0 1 2 5 3 4 1 4 1 2 1 4 2 3 2 5 0 1 2 5 3 4 1 4 1
48 16
1 3 3 3 3 4 4 3 3 3 3 2 2 3 3 2 2 4 4 4 4 5 5 4 4 4 4 1 1 2 2 1 1 3 3 3 3 4 4 3 3 3 3 2 2 3 3 2
40 16
4 3 2 1 4 3 2 1 4 3 2 1 4 3 2 1 5 4 3 2 5 4 3 2 5 4 3 2 5 4 3 2 4 3 2 1 4 3 2 1
34 2
5 3 3 5 5 3 3 5 5 3 3 5 5 3 3 5 5 3 3 5 5 3 3 5 5 3 3 5 5 3 3 5 5 3
47 16
4 3 4 4 5 4 4 3 4 2 3 1 2 1 2 2 2 1 2 2 3 2 4 3 4 4 5 3 4 3 4 2 4 3 4 4 5 4 4 3 4 2 3 1 2 1 2
36 1
5 5 5 5 5 5 5 5 5 5 5 5 5 5 5 5 5 5 5 5 5 5 5 5 5 5 5 5 5 5 5 5 5 5 5 5
6 2
1 1 1 0 0 0
5 1
4 5 0 0 1
46 1
5 4 5 4 5 4 5 4 5 4 5 4 5 4 5 4 5 4 5 4 5 4 5 4 5 4 5 4 5 4 5 4 5 4 5 4 5 4 5 4 5 4 5 4 5 4
49 16
3 4 2 3 2 3 3 3 2 3 1 3 2 3 3 3 2 3 1 4 3 4 4 4 3 4 2 4 3 4 4 4 3 4 2 3 2 3 3 3 2 3 1 3 2 3 3 3 2
6 2
5 4 2 1 5 4
29 8
0 2 1 1 0 1 1 1 0 2 1 1 0 3 1 1 0 2 1 1 0 1 1 1 0 2 1 1 0
26 4
5 0 4 3 5 4 0 1 5 0 2 3 1 2 0 2 3 1 1 4 5 1 2 3 4 2
26 1
2 1 2 1 2 1 2 1 2 1 2 1 2 1 2 1 2 1 2 1 2 1 2 1 2 1
29 4
4 5 1 2 4 5 1 2 4 5 1 2 4 5 1 2 4 5 1 2 4 5 1 2 4 5 1 2 4
37 1
5 5 5 5 5 5 5 5 5 5 5 5 5 5 5 5 5 5 5 5 5 5 5 5 5 5 5 5 5 5 5 5 5 5 5 5 5
48 4
5 4 5 3 4 3 4 4 5 4 5 3 4 3 4 4 5 4 5 3 4 3 4 4 5 4 5 3 4 3 4 4 5 4 5 3 4 3 4 4 5 4 5 3 4 3 4 4
11 1
1 5 1 5 1 5 1 5 1 5 1
32 4
2 2 3 2 5 3 4 3 2 2 3 2 5 3 4 3 2 2 3 2 5 3 4 3 2 2 3 2 5 3 4 3
