50
31 4
4 0 3 2 5 1 4 1 4 0 3 2 5 1 4 1 4 0 3 2 5 1 4 1 4 0 3 2 5 1 4
37 8
1 2 2 4 4 5 5 5 2 3 3 5 3 4 4 4 1 2 2 4 4 5 5 5 2 3 3 5 3 4 4 4 1 2 2 4 4
21 2
5 0 1 0 5 0 1 0 5 0 1 0 5 0 1 0 5 0 1 0 5
22 2
4 2 5 3 4 2 5 3 4 2 5 3 4 2 5 3 4 2 5 3 4 2
50 1
5 5 5 5 5 5 5 5 5 5 5 5 5 5 5 5 5 5 5 5 5 5 5 5 5 5 5 5 5 5 5 5 5 5 5 5 5 5 5 5 5 5 5 5 5 5 5 5 5 5
37 16
3 1 2 0 3 1 3 1 2 0 2 0 3 1 3 1 2 0 3 1 4 2 4 2 3 1 3 1 4 2 4 2 3 1 2 0 3
17 4
2 2 3 4 2 2 5 4 2 2 3 4 2 2 5 4 2
28 8
4 4 3 5 3 3 1 3 2 2 1 3 3 4 3 5 4 4 3 5 2 2 1 3 2 2 1 4
34 8
2 2 2 4 2 3 3 3 1 1 1 3 1 4 4 4 2 2 2 4 2 3 3 3 1 1 1 3 1 4 4 4 2 2
20 1
5 3 5 3 5 3 5 3 5 3 5 3 5 3 5 3 5 3 5 3
8 4
0 1 1 3 1 2 2 2
36 8
3 1 1 4 4 2 3 4 4 2 2 5 5 3 2 3 3 1 1 4 4 2 3 4 4 2 2 5 5 3 2 3 3 1 1 4
35 16
4 4 5 5 3 3 4 4 3 3 4 4 2 2 3 3 4 4 5 5 3 3 4 4 3 3 4 4 2 2 3 3 4 4 5
45 8
4 2 1 2 3 2 3 4 5 5 4 5 4 3 4 5 4 2 1 2 3 2 3 4 5 5 4 5 4 3 4 5 4 2 1 2 3 2 3 4 5 5 4 5 4
41 8
2 5 3 1 1 3 5 3 4 5 3 1 1 3 5 3 2 5 3 1 1 3 5 3 4 5 3 1 1 3 5 3 2 5 3 1 1 3 5 3 4
41 1
4 5 4 5 4 5 4 5 4 5 4 5 4 5 4 5 4 5 4 5 4 5 4 5 4 5 4 5 4 5 4 5 4 5 4 5 4 5 4 5 4
45 2
3 3 5 3 3 3 5 3 3 3 5 3 3 3 5 3 3 3 5 3 3 3 5 3 3 3 5 3 3 3 5 3 3 3 5 3 3 3 5 3 3 3 5 3 3
28 2
3 5 5 3 3 5 5 3 3 5 5 3 3 5 5 3 3 5 5 3 3 5 5 3 3 5 5 3
33 16
2 1 2 2 3 2 3 3 4 4 4 3 4 4 5 5 5 4 3 3 5 5 4 3 2 2 3 3 5 4 4 3 3
36 8
4 4 4 3 3 5 5 3 3 5 5 4 4 4 4 4 4 4 4 3 3 5 5 3 3 5 5 4 4 4 4 4 4 4 4 3
36 16
2 0 4 3 0 1 3 1 5 5 4 3 1 0 0 2 1 4 5 0 5 0 0 3 1 0 2 4 0 3 4 2 3 0 3 3
36 8
4 3 3 4 4 4 4 4 4 1 1 4 4 4 4 4 4 3 3 4 4 4 4 4 4 1 1 4 4 4 4 4 4 3 3 4
17 8
3 5 2 3 1 3 2 5 3 5 2 3 1 3 2 5 3
11 2
4 1 5 2 4 1 5 2 4 1 5
44 8
3 4 1 3 2 3 2 3 4 5 2 2 1 2 1 2 3 4 1 3 2 3 2 3 4 5 2 2 1 2 1 2 3 4 1 3 2 3 2 3 4 5 2 2
44 16
5 3 2 3 3 3 4 4 4 2 1 2 2 2 3 4 4 2 1 2 2 2 3 5 5 3 2 3 3 3 4 5 5 3 2 3 3 3 4 4 4 2 1 2
50 4
1 1 1 1 1 1 1 1 1 1 1 1 1 1 1 1 1 1 1 1 1 1 1 1 1 1 1 1 1 1 1 1 1 1 1 1 1 1 1 1 1 1 1 1 1 1 1 1 1 1
31 8
4 5 4 5 3 4 3 3 2 3 2 3 3 4 3 5 4 5 4 5 3 4 3 3 2 3 2 3 3 4 3
18 2
2 2 1 5 2 2 1 5 2 2 1 5 2 2 1 5 2 2
27 1
5 3 5 3 5 3 5 3 5 3 5 3 5 3 5 3 5 3 5 3 5 3 5 3 5 3 5
37 16
2 3 3 4 3 3 5 4 3 2 2 3 2 2 4 3 2 3 3 4 3 3 5 4 3 2 2 3 2 2 4 3 2 3 3 4 3
5 2
2 2 2 2 2
3 1
3 3 3
49 16
1 5 5 3 2 4 3 1 4 0 3 0 5 0 0 5 0 5 4 1 3 2 3 5 1 3 3 3 0 4 5 5 3 5 0 3 1 3 4 5 2 5 4 5 5 4 4 0 1
45 2
5 2 5 0 5 2 5 0 5 2 5 0 5 2 5 0 5 2 5 0 5 2 5 0 5 2 5 0 5 2 5 0 5 2 5 0 5 2 5 0 5 2 5 0 5
45 2
5 3 2 2 5 3 2 2 5 3 2 2 5 3 2 2 5 3 2 2 5 3 2 2 5 3 2 2 5 3 2 2 5 3 2 2 5 3 2 2 5 3 2 2 5
41 2
5 2 4 5 5 2 4 5 5 2 4 5 5 2 4 5 5 2 4 5 5 2 4 5 5 2 4 5 5 2 4 5 5 2 4 5 5 2 4 5 5
39 16
2 2 3 2 1 2 3 5 4 4 5 4 3 3 4 4 3 3 4 3 2 1 2 4 3 3 4 3 2 2 3 3 2 2 3 2 1 2 3
24 8
2 1 2 1 1 1 2 3 1 2 3 2 2 2 3 4 2 1 2 1 1 1 2 3
8 4
4 5 3 5 2 5 3 5
8 4
1 5 0 4 1 5 0 4
37 8
2 5 4 0 0 3 1 1 0 0 5 5 0 4 4 0 5 5 5 1 1 5 2 5 5 5 0 1 1 0 0 3 3 2 2 3 5
43 2
5 4 2 3 5 4 2 3 5 4 2 3 5 4 2 3 5 4 2 3 5 4 2 3 5 4 2 3 5 4 2 3 5 4 2 3 5 4 2 3 5 4 2
30 2
4 1 5 2 4 1 5 2 4 1 5 2 4 1 5 2 4 1 5 2 4 1 5 2 4 1 5 2 4 1
23 2
0 5 5 5 4 4 5 5 1 1 2 5 5 0 0 4 4 4 1 1 4 1 3
26 2
5 3 3 5 5 3 3 5 5 3 3 5 5 3 3 5 5 3 3 5 5 3 3 5 5 3
9 2
1 4 4 1 1 4 4 1 1
8 4
2 1 1 0 0 1 1 2
6 2
1 1 1 0 0 0
40 8
4 1 2 2 3 2 4 4 5 2 3 3 4 3 3 3 4 1 2 2 3 2 4 4 5 2 3 3 4 3 3 3 4 1 2 2 3 2 4 4
