50
41 1
5 4 5 4 5 4 5 4 5 4 5 4 5 4 5 4 5 4 5 4 5 4 5 4 5 4 5 4 5 4 5 4 5 4 5 4 5 4 5 4 5
40 16
3 3 3 2 1 1 1 1 3 3 4 4 4 3 3 3 3 3 5 5 4 4 4 3 2 2 2 2 3 3 3 3 3 2 2 2 2 2 4 4
49 4
2 5 1 4 2 5 1 4 2 5 1 4 2 5 1 4 2 5 1 4 2 5 1 4 2 5 1 4 2 5 1 4 2 5 1 4 2 5 1 4 2 5 1 4 2 5 1 4 2
5 2
3 3 1 5 3
50 1
4 4 4 4 4 4 4 4 4 4 4 4 4 4 4 4 4 4 4 4 4 4 4 4 4 4 4 4 4 4 4 4 4 4 4 4 4 4 4 4 4 4 4 4 4 4 4 4 4 4
33 16
3 1 2 3 3 2 1 2 3 2 3 4 4 3 2 3 2 2 3 4 4 3 2 3 4 3 4 5 5 4 3 4 3
33 1
5 3 5 3 5 3 5 3 5 3 5 3 5 3 5 3 5 3 5 3 5 3 5 3 5 3 5 3 5 3 5 3 5
27 1
5 1 5 1 5 1 5 1 5 1 5 1 5 1 5 1 5 1 5 1 5 1 5 1 5 1 5
9 2
4 4 1 5 4 4 1 5 4
36 8
4 3 3 4 4 4 4 4 4 1 1 4 4 4 4 4 4 3 3 4 4 4 4 4 4 1 1 4 4 4 4 4 4 3 3 4
16 8
3 2 4 4 5 2 3 3 4 3 3 3 4 1 2 2
6 2
1 1 1 0 0 0
50 2
5 5 5 5 5 5 5 5 5 5 5 5 5 5 5 5 5 5 5 5 5 5 5 5 5 5 5 5 5 5 5 5 5 5 5 5 5 5 5 5 5 5 5 5 5 5 5 5 5 5
31 8
5 3 5 2 3 0 2 1 4 2 4 1 2 1 3 2 5 3 5 2 3 0 2 1 4 2 4 1 2 1 3
9 4
3 4 4 3 4 3 1 2 3
8 4
2 1 1 0 0 1 1 2
40 16
4 3 5 3 5 3 5 3 5 2 4 2 4 2 4 2 4 3 5 3 5 3 5 3 5 2 4 2 4 2 4 2 4 3 5 3 5 3 5 3
45 8
3 1 2 1 3 4 4 3 5 3 2 1 3 2 2 1 3 1 2 1 3 4 4 3 5 3 2 1 3 2 2 1 3 1 2 1 3 4 4 3 5 3 2 1 3
30 2
5 3 5 5 5 3 5 5 5 3 5 5 5 3 5 5 5 3 5 5 5 3 5 5 5 3 5 5 5 3
22 1
4 4 4 0 0 3 2 4 1 5 2 0 2 2 5 5 5 2 3 4 5 1
19 1
5 5 5 5 5 5 5 5 5 5 5 5 5 5 5 5 5 5 5
13 4
5 3 5 1 5 3 5 1 5 3 5 1 5
31 1
5 2 5 2 5 2 5 2 5 2 5 2 5 2 5 2 5 2 5 2 5 2 5 2 5 2 5 2 5 2 5
33 4
3 3 2 5 5 5 4 5 3 3 2 5 5 5 4 5 3 3 2 5 5 5 4 5 3 3 2 5 5 5 4 5 3
6 1
3 5 3 5 3 5
10 2
5 3 5 5 5 3 5 5 5 3
45 2
3 5 5 3 3 5 5 3 3 5 5 3 3 5 5 3 3 5 5 3 3 5 5 3 3 5 5 3 3 5 5 3 3 5 5 3 3 5 5 3 3 5 5 3 3
20 4
4 3 2 2 3 4 5 5 4 3 2 2 3 4 5 5 4 3 2 2
33 4
3 5 3 4 4 4 2 3 3 5 3 4 4 4 2 3 3 5 3 4 4 4 2 3 3 5 3 4 4 4 2 3 3
23 8
1 4 2 4 2 5 3 3 1 4 2 4 2 5 3 3 1 4 2 4 2 5 3
15 4
2 0 5 5 4 2 1 4 5 0 0 0 2 5 0
21 2
5 0 1 0 5 0 1 0 5 0 1 0 5 0 1 0 5 0 1 0 5
38 16
4 4 1 1 3 3 2 2 5 5 2 2 4 4 3 3 4 4 1 1 3 3 2 2 5 5 2 2 4 4 3 3 4 4 1 1 3 3
45 4
4 5 4 3 2 5 4 5 4 5 4 3 2 5 4 5 4 5 4 3 2 5 4 5 4 5 4 3 2 5 4 5 4 5 4 3 2 5 4 5 4 5 4 3 2
4 1
5 3 5 3
46 1
2 1 2 1 2 1 2 1 2 1 2 1 2 1 2 1 2 1 2 1 2 1 2 1 2 1 2 1 2 1 2 1 2 1 2 1 2 1 2 1 2 1 2 1 2 1
40 16
3 4 4 5 3 4 4 5 3 4 4 5 1 2 2 3 3 4 4 5 3 4 4 5 3 4 4 5 1 2 2 3 3 4 4 5 3 4 4 5
15 2
1 1 0 2 1 1 0 2 1 1 0 2 1 1 0
38 16
3 4 4 5 3 5 4 5 1 2 3 1 3 5 0 5 2 0 3 5 2 0 4 5 2 1 2 0 0 0 2 3 2 1 0 5 0 5
49 16
2 1 5 1 5 3 4 3 4 2 0 2 1 5 2 5 4 3 1 1 1 3 2 2 4 1 4 4 4 3 4 1 5 1 0 2 3 3 0 1 5 4 1 5 3 2 2 2 5
21 8
5 5 1 3 4 1 0 4 0 1 3 2 2 5 0 2 4 2 2 3 0
43 8
3 2 3 2 1 2 3 3 2 3 4 5 4 3 4 4 3 2 3 2 1 2 3 3 2 3 4 5 4 3 4 4 3 2 3 2 1 2 3 3 2 3 4
41 4
5 1 3 1 4 1 4 2 4 0 3 2 5 1 3 1 4 1 4 2 4 0 3 2 5 1 3 1 4 1 4 2 4 0 3 2 5 1 3 1 4
8 4
0 1 1 3 1 2 2 2
36 8
2 2 3 2 0 0 1 2 2 2 3 2 0 0 1 2 2 2 3 2 0 0 1 2 2 2 3 2 0 0 1 2 2 2 3 2
35 4
4 5 4 5 4 5 4 5 4 5 4 5 4 5 4 5 4 5 4 5 4 5 4 5 4 5 4 5 4 5 4 5 4 5 4
27 1
0 3 0 3 0 3 0 3 0 3 0 3 0 3 0 3 0 3 0 3 0 3 0 3 0 3 0
21 2
4 5 4 5 4 5 4 5 4 5 4 5 4 5 4 5 4 5 4 5 4
5 2
2 2 2 2 2
36 4
5 3 2 1 2 4 3 4 5 3 2 1 2 4 3 4 5 3 2 1 2 4 3 4 5 3 2 1 2 4 3 4 5 3 2 1
