50
49 16
2 0 1 3 4 4 1 2 4 2 4 0 3 0 3 3 3 2 3 2 5 1 0 5 2 3 4 4 0 3 0 1 4 5 2 2 3 3 2 0 5 4 4 2 2 1 5 0 1
12 1
0 5 0 5 0 5 0 5 0 5 0 5
11 4
3 2 4 2 4 3 5 1 3 2 4
47 16
3 3 2 2 3 5 4 4 3 3 3 3 3 3 2 2 2 3 3 3 1 0 2 3 3 3 2 3 3 4 4 3 2 1 0 1 1 2 1 1 2 4 4 4 4 4 4
9 2
4 4 5 5 4 4 5 5 4
5 2
2 2 2 2 2
37 4
4 5 2 2 3 4 1 3 4 5 2 2 3 4 1 3 4 5 2 2 3 4 1 3 4 5 2 2 3 4 1 3 4 5 2 2 3
35 16
3 1 2 0 3 1 3 1 4 2 3 1 4 3 4 2 5 3 4 2 5 3 3 1 4 2 3 1 4 1 2 0 3 1 2
35 16
4 4 4 3 2 3 3 3 3 5 5 5 5 4 2 1 1 1 1 2 2 4 4 4 3 3 3 2 2 3 3 3 3 4 3
39 8
5 3 4 4 5 5 5 3 5 3 2 2 5 5 5 3 5 3 4 4 5 5 5 3 5 3 2 2 5 5 5 3 5 3 4 4 5 5 5
13 1
5 2 5 2 5 2 5 2 5 2 5 2 5
44 1
2 0 2 0 2 0 2 0 2 0 2 0 2 0 2 0 2 0 2 0 2 0 2 0 2 0 2 0 2 0 2 0 2 0 2 0 2 0 2 0 2 0 2 0
18 1
5 5 5 5 5 5 5 5 5 5 5 5 5 5 5 5 5 5
33 2
2 5 2 3 2 5 2 3 2 5 2 3 2 5 2 3 2 5 2 3 2 5 2 3 2 5 2 3 2 5 2 3 2
21 4
3 2 5 3 4 1 4 2 3 2 5 3 4 1 4 2 3 2 5 3 4
10 1
5 2 5 2 5 2 5 2 5 2
21 2
5 0 1 0 5 0 1 0 5 0 1 0 5 0 1 0 5 0 1 0 5
30 8
1 1 2 4 4 4 5 4 3 3 4 4 2 2 3 2 1 1 2 4 4 4 5 4 3 3 4 4 2 2
26 8
2 4 5 3 2 4 5 3 2 4 5 3 2 4 5 3 2 4 5 3 2 4 5 3 2 4
39 2
3 3 5 5 3 3 5 5 3 3 5 5 3 3 5 5 3 3 5 5 3 3 5 5 3 3 5 5 3 3 5 5 3 3 5 5 3 3 5
34 8
4 4 1 4 4 2 1 4 5 5 2 5 5 3 2 5 4 4 1 4 4 2 1 4 5 5 2 5 5 3 2 5 4 4
29 1
5 4 5 4 5 4 5 4 5 4 5 4 5 4 5 4 5 4 5 4 5 4 5 4 5 4 5 4 5
10 1
5 5 5 5 5 5 5 5 5 5
46 8
3 3 4 1 2 4 5 2 3 1 3 5 0 2 4 1 1 2 1 3 0 3 2 0 1 0 0 1 5 3 4 0 1 3 0 1 5 5 3 2 4 4 5 5 0 3
23 2
0 2 1 1 0 3 1 1 1 1 5 4 5 4 0 4 4 0 0 0 0 0 4
8 4
2 1 1 0 0 1 1 2
34 1
5 5 5 5 5 5 5 5 5 5 5 5 5 5 5 5 5 5 5 5 5 5 5 5 5 5 5 5 5 5 5 5 5 5
42 16
2 4 4 3 3 5 5 2 2 4 4 3 3 5 5 2 2 4 4 3 3 5 5 2 2 4 4 3 3 5 5 2 2 4 4 3 3 5 5 2 2 4
46 1
1 0 4 4 0 1 0 2 0 4 1 5 2 0 1 2 2 2 2 0 1 0 4 2 2 3 5 0 5 0 4 4 5 2 2 3 2 0 0 0 4 1 5 4 5 4
6 2
1 1 1 0 0 0
44 16
2 2 2 2 5 5 4 4 1 1 1 1 4 4 5 5 2 2 2 2 5 5 4 4 1 1 1 1 4 4 5 5 2 2 2 2 5 5 4 4 1 1 1 1
28 8
3 3 4 4 4 5 3 3 2 0 1 1 1 2 2 2 3 3 4 4 4 5 3 3 2 0 1 1
43 8
5 3 3 2 3 3 3 2 3 1 3 2 3 3 5 4 5 3 3 2 3 3 3 2 3 1 3 2 3 3 5 4 5 3 3 2 3 3 3 2 3 1 3
45 2
5 4 5 2 5 4 5 2 5 4 5 2 5 4 5 2 5 4 5 2 5 4 5 2 5 4 5 2 5 4 5 2 5 4 5 2 5 4 5 2 5 4 5 2 5
50 8
2 2 2 2 2 2 2 2 2 2 2 2 2 2 2 2 2 2 2 2 2 2 2 2 2 2 2 2 2 2 2 2 2 2 2 2 2 2 2 2 2 2 2 2 2 2 2 2 2 2
45 16
5 4 4 3 3 2 3 2 4 3 4 3 3 1 2 0 2 1 3 2 2 1 2 1 3 2 3 2 2 2 3 3 5 4 4 3 3 2 3 2 4 3 4 3 3
23 1
5 3 5 3 5 3 5 3 5 3 5 3 5 3 5 3 5 3 5 3 5 3 5
36 8
4 3 3 4 4 4 4 4 4 1 1 4 4 4 4 4 4 3 3 4 4 4 4 4 4 1 1 4 4 4 4 4 4 3 3 4
50 1
5 3 5 3 5 3 5 3 5 3 5 3 5 3 5 3 5 3 5 3 5 3 5 3 5 3 5 3 5 3 5 3 5 3 5 3 5 3 5 3 5 3 5 3 5 3 5 3 5 3
47 16
1 0 2 0 3 0 2 0 1 0 2 0 3 0 2 0 1 0 2 0 3 0 2 0 1 0 2 0 3 0 2 0 1 0 2 0 3 0 2 0 1 0 2 0 3 0 2
16 4
5 1 3 3 5 1 3 3 5 1 3 3 5 1 3 3
50 8
0 3 5 0 4 5 0 5 0 3 3 5 1 2 4 5 2 3 5 1 2 5 1 2 0 3 5 0 4 0 3 4 3 2 4 5 0 3 4 0 0 5 4 0 5 0 3 5 4 3
48 4
2 4 5 3 4 4 5 1 2 4 5 3 4 4 5 1 2 4 5 3 4 4 5 1 2 4 5 3 4 4 5 1 2 4 5 3 4 4 5 1 2 4 5 3 4 4 5 1
50 2
5 5 5 5 5 5 5 5 5 5 5 5 5 5 5 5 5 5 5 5 5 5 5 5 5 5 5 5 5 5 5 5 5 5 5 5 5 5 5 5 5 5 5 5 5 5 5 5 5 5
8 4
0 1 1 3 1 2 2 2
13 4
4 3 4 5 4 3 4 5 4 3 4 5 4
11 4
2 3 4 3 3 4 5 0 2 3 4
45 1
1 1 1 1 1 1 1 1 1 1 1 1 1 1 1 1 1 1 1 1 1 1 1 1 1 1 1 1 1 1 1 1 1 1 1 1 1 1 1 1 1 1 1 1 1
40 16
4 4 3 3 3 3 2 2 2 2 2 2 2 2 2 3 3 4 4 4 5 5 4 4 4 4 3 2 1 2 2 2 3 3 3 3 2 2 1 2
33 4
5 5 5 2 3 3 3 2 5 5 5 2 3 3 3 2 5 5 5 2 3 3 3 2 5 5 5 2 3 3 3 2 5
