100
2 99.9995 28.7422
80.3785 0.1692
99.9999 28.7422
100 1676.0089 3.1537
9999.9993 5.2876
9999.9996 92.3797
0.0007 4.0749
0.0003 97.4884
0.0004 95.5839
9999.9994 5.7450
9999.9999 94.0702
0.0011 91.8394
0.0005 91.6529
9999.9999 93.9339
9999.9991 97.0507
9999.9999 3.1274
0.0001 93.7706
9999.9998 5.0870
9999.9994 98.8048
0.0003 9.0600
0.0002 97.5927
9999.9992 5.8460
0.0011 90.0619
0.0002 92.5325
0.0005 4.3191
9999.9999 99.6259
9999.9998 3.1346
9999.9991 0.6070
10000.0000 92.1262
0.0003 5.7493
0.0005 97.7731
9999.9992 94.4836
0.0011 7.1155
9999.9991 6.8769
9999.9995 4.8294
9999.9992 5.2479
9999.9998 2.3613
0.0009 91.2721
0.0011 5.8337
9999.9996 91.2734
9999.9999 2.8596
9999.9998 2.8529
10000.0000 99.4198
0.0004 89.9500
9999.9999 89.9565
0.0006 10.0667
9999.9993 90.2088
0.0002 93.9034
9999.9999 2.7087
0.0007 99.2452
9999.9994 6.8384
9999.9999 93.4374
0.0008 3.2752
9999.9997 92.1753
0.0004 8.4872
9999.9992 2.3378
0.0005 3.6174
9999.9997 90.7925
9999.9996 93.2183
9999.9998 6.9265
0.0010 90.8276
0.0006 7.8419
9999.9997 99.5246
9999.9993 8.2743
9999.9991 95.1188
0.0005 97.8188
9999.9990 3.7754
9999.9992 3.4637
0.0011 97.6689
0.0005 98.5577
0.0004 97.5487
9999.9992 91.5112
9999.9994 95.0663
9999.9994 89.9726
0.0008 91.9856
9999.9996 5.8639
0.0006 93.3577
0.0004 99.8231
0.0002 92.9082
0.0008 7.1557
0.0004 98.4341
9999.9992 92.3594
0.0004 1.8789
0.0005 90.0794
9999.9994 2.1997
0.0005 0.4368
9999.9991 98.1351
0.0001 97.5503
0.0011 5.9496
0.0011 95.6904
0.0011 99.0870
0.0010 5.9810
9999.9995 91.0338
9999.9995 1.4859
9999.9991 97.7114
9999.9998 4.3813
0.0008 1.5908
0.0005 89.9544
0.0002 93.2565
0.0005 92.1030
0.0006 96.7008
9999.9991 91.8568
0.0003 2.8979
0.0006 3.0019
28 0.0005 98.0662
9999.9994 13.9284
9999.9990 29.5456
9999.9990 47.0139
9999.9999 69.6406
9999.9996 98.0662
9999.9992 78.0643
10000.0000 48.2025
9999.9997 63.3881
9999.9996 41.6862
9999.9990 69.7439
9999.9991 38.6347
9999.9998 48.2741
9999.9996 6.8714
9999.9991 29.2192
10000.0000 75.1622
9999.9995 11.4263
9999.9992 71.1782
9999.9994 78.3699
9999.9999 36.5921
9999.9999 79.8096
9999.9995 88.8691
10000.0000 97.7143
9999.9997 39.0570
9999.9991 46.9984
9999.9997 15.2124
9999.9992 23.2610
9999.9993 9.1866
9999.9994 57.1031
2 100.0000 75.6127
70.0263 75.6127
27.0364 27.7990
4 5000.0000 75.0000
10.0000 30.0000
20.0000 50.0000
300.0000 95.0000
40.0000 2.0000
17 0.0006 62.7654
9999.9999 91.2326
9999.9996 41.8246
9999.9990 48.2616
9999.9991 61.8941
9999.9999 27.7479
9999.9991 14.8947
9999.9998 78.0629
9999.9999 49.2383
9999.9998 89.8535
9999.9995 71.8029
9999.9994 81.7412
9999.9995 95.0050
9999.9991 69.5351
9999.9993 71.7505
9999.9992 70.0114
9999.9992 4.4353
9999.9998 99.7199
60 143.0388 12.0864
4922.3111 98.7063
6156.3141 97.5584
5815.0598 97.3516
9295.4920 99.6144
4463.0201 7.6765
6662.4878 7.1832
7922.1958 99.3645
8085.9120 94.1217
2706.4049 4.2513
2656.7602 90.8966
8356.5191 8.5107
7510.0815 8.2421
1925.4820 91.9347
2375.2404 99.1301
7464.7290 0.9012
6634.6733 8.3588
2240.8859 6.7450
2910.4760 6.6043
3549.7482 90.1480
1025.8164 7.5082
7772.2688 95.6056
1847.7301 95.2431
889.1210 5.6860
913.7854 8.9050
7357.9253 8.6595
8770.6487 90.5112
2260.3326 2.9299
8420.4571 98.8363
7621.5948 4.6358
1134.1380 1.4278
6878.1162 3.0472
8886.5526 0.9584
9355.7910 96.0678
4239.3968 97.5985
8230.7030 1.3567
7340.0223 8.0596
9932.2539 0.6249
6480.8662 95.0388
2649.6814 8.3386
1783.3900 2.8562
326.0575 6.1923
7449.3058 1.1080
2165.8033 9.4046
9409.1147 99.8024
7520.4492 91.5251
5084.8720 98.5607
7840.2964 93.1407
3955.4006 96.2438
7536.1076 98.5334
4699.6143 4.6197
523.2854 96.8292
5725.0077 91.9377
9603.7188 3.1003
168.9546 8.6656
4832.2545 92.6463
4748.7944 94.3230
7643.6304 4.5181
869.0175 92.2377
8975.6165 96.6434
7528.1281 0.2264
45 9004.9769 99.5407
63.8020 1.5193
4518.4012 90.1552
7846.1668 96.4845
9001.6485 96.5938
9553.4885 93.1110
4611.9048 93.6437
9495.6670 91.2119
2893.8896 9.6508
5290.5264 94.7490
9307.4764 1.2576
3689.4710 5.8625
3893.3053 90.4081
9551.0962 92.1597
195.4247 98.1287
7333.4385 93.4827
5109.3200 94.5282
1928.7812 6.7116
6479.4227 3.1404
9384.6234 92.6031
5526.8418 1.1320
6498.0939 6.6220
8542.1693 1.5885
7451.5693 9.7645
118.2079 93.0826
3266.4472 99.6805
5928.0960 92.7611
1474.7049 99.0364
5198.5285 93.5694
7662.8428 93.1274
1631.1407 99.7166
887.7472 98.6361
1308.0855 7.7825
4736.5793 6.0452
9393.7872 96.7907
1613.8618 98.7697
7775.2903 3.9853
6975.3823 97.9058
5954.3302 6.3835
9222.7640 90.5055
1848.0948 90.8035
4316.7823 9.5355
4372.9754 98.5928
978.1740 97.8945
7153.4195 4.9959
6461.6398 91.6344
92 9999.9993 98.8641
0.0007 2.2253
0.0006 28.9887
0.0007 7.4484
0.0006 99.0097
0.0003 62.7088
0.0003 23.4272
0.0010 69.3251
0.0006 55.4724
0.0004 90.1936
0.0007 52.1631
0.0004 94.6411
0.0002 82.4022
0.0003 51.3679
0.0007 6.0033
0.0009 62.4650
0.0011 44.6233
0.0009 88.3833
0.0010 16.3467
0.0002 36.3941
0.0009 11.6392
0.0006 71.0163
0.0001 10.6313
0.0003 31.9563
0.0010 12.8721
0.0003 91.4212
0.0004 96.3059
0.0010 7.6952
0.0009 39.6555
0.0004 85.8378
0.0004 11.8959
0.0002 75.6598
0.0004 11.2997
0.0005 15.9343
0.0010 79.2813
0.0003 93.1688
0.0004 9.7525
0.0003 26.5829
0.0010 44.1846
0.0003 86.8552
0.0004 78.7963
0.0004 70.8851
0.0005 14.2900
0.0010 92.6502
0.0009 73.6051
0.0010 22.8809
0.0006 80.9976
0.0007 45.9758
0.0003 79.6542
0.0004 40.8811
0.0003 72.9568
0.0007 67.2445
0.0002 36.5161
0.0006 60.1550
0.0005 61.1955
0.0008 13.3862
0.0009 81.6784
0.0008 70.5856
0.0008 40.2113
0.0008 20.3426
0.0002 32.4484
0.0004 62.0097
0.0009 48.3535
0.0004 57.2193
0.0005 4.5388
0.0008 73.9563
0.0004 32.9812
0.0008 98.2698
0.0010 49.7598
0.0005 91.8637
0.0009 22.9663
0.0005 84.6435
0.0006 12.7242
0.0004 63.4527
0.0009 48.3036
0.0008 62.0186
0.0010 54.0356
0.0004 58.8056
0.0010 24.7438
0.0008 29.6226
0.0008 44.2536
0.0007 80.2946
0.0001 73.2140
0.0001 22.0284
0.0008 17.2518
0.0009 7.2642
0.0008 37.2761
0.0006 56.1880
0.0006 74.9731
0.0008 51.3513
0.0004 33.4364
0.0007 57.7503
0.0007 64.3237
82 7.6627 82.9636
9999.9994 1.1651
0.0009 96.3996
9999.9990 91.2952
9999.9994 91.8781
9999.9992 5.7878
9999.9995 93.5577
9999.9993 90.6887
9999.9995 90.5739
0.0002 2.6442
9999.9995 98.7914
0.0004 95.9729
0.0006 0.7669
9999.9996 93.9788
0.0009 5.1903
9999.9997 6.7536
9999.9997 7.0237
9999.9999 93.9470
9999.9998 3.6242
0.0006 93.0987
0.0006 92.0391
9999.9998 92.9699
9999.9996 6.8128
9999.9991 8.8221
10000.0000 95.2892
0.0001 98.3066
0.0002 97.0528
9999.9994 97.7651
9999.9994 0.5753
9999.9992 98.9424
9999.9998 6.7933
0.0004 3.0964
0.0010 96.3778
9999.9990 1.8947
0.0010 8.0819
0.0002 93.3372
9999.9992 4.6852
9999.9999 1.0376
0.0007 3.3027
0.0009 5.8308
0.0008 6.2453
9999.9991 7.2508
9999.9992 96.9909
9999.9993 6.6665
0.0011 97.4072
0.0002 99.6669
9999.9992 3.9993
0.0011 6.4405
0.0005 8.8051
9999.9996 93.5616
0.0004 6.7142
0.0007 2.6235
0.0004 99.5316
0.0005 3.0450
9999.9990 94.0096
0.0002 5.6658
0.0003 90.8722
9999.9991 0.5187
9999.9991 8.6234
9999.9993 92.7663
9999.9993 98.6601
0.0001 8.0511
0.0002 7.1297
0.0008 6.4265
9999.9996 95.6162
0.0006 3.6232
0.0010 94.5747
0.0009 97.1313
0.0010 94.7715
0.0010 3.9529
0.0008 96.7159
9999.9994 6.2549
9999.9993 7.7617
0.0007 94.4323
0.0011 95.5448
0.0010 6.0900
9999.9998 7.2330
9999.9997 98.3692
0.0007 3.8152
0.0007 0.1142
0.0006 93.0496
9999.9991 8.1025
9999.9999 4.8066
66 1212.0407 99.8964
9999.9998 92.7223
0.0001 94.7797
9999.9998 0.9748
0.0011 3.2460
0.0004 8.1567
9999.9999 98.8696
9999.9998 96.0022
0.0008 9.1020
9999.9996 1.4766
9999.9998 96.8701
0.0006 4.2150
0.0003 3.6505
9999.9991 8.7672
9999.9990 4.3478
0.0010 99.5720
0.0009 96.9856
9999.9999 97.5445
0.0010 90.9335
0.0010 9.3834
9999.9995 0.4014
9999.9995 91.9494
0.0006 95.8443
9999.9994 91.4274
9999.9995 96.5069
0.0002 94.9426
9999.9999 99.8964
9999.9995 5.6035
0.0010 97.9166
9999.9996 97.1550
9999.9991 97.2025
9999.9993 94.0463
0.0005 93.2410
0.0004 94.6290
0.0008 7.8586
9999.9995 0.6112
0.0007 0.7997
0.0007 98.4839
0.0007 93.0173
9999.9991 0.9888
9999.9990 94.2744
0.0005 3.0710
0.0003 97.6268
9999.9996 98.3707
9999.9994 94.0182
9999.9992 5.0131
0.0002 5.6413
9999.9992 1.3301
0.0006 98.6584
9999.9998 95.9477
0.0002 99.5328
9999.9994 93.9152
0.0002 92.6160
0.0011 99.3261
9999.9994 93.6913
9999.9992 4.0282
9999.9996 96.4181
0.0006 94.1264
9999.9993 3.7025
0.0005 96.5251
0.0005 92.7741
0.0005 91.5592
0.0002 99.8286
0.0006 2.4872
0.0003 95.2735
9999.9997 97.9607
9999.9993 9.3468
62 0.0002 0.2797
0.0008 80.6525
0.0006 85.4914
6598.5633 95.5637
946.0719 74.7807
9999.9990 21.5025
9999.9997 88.6163
9780.5473 50.8072
9999.9991 5.9023
0.0002 31.6555
7380.1770 90.5821
10000.0000 93.3291
9999.9992 95.6768
0.0010 82.8289
5942.8406 8.1359
9999.9995 32.1689
6102.9045 44.8814
0.0010 47.4434
0.0009 43.9134
0.0009 27.8709
0.0005 77.9400
9999.9993 3.4072
9999.9991 1.0610
0.0008 31.9614
0.0009 83.4466
9999.9991 54.8555
9117.2112 97.1708
6766.0929 78.5795
9999.9998 49.9981
0.0010 38.4198
9999.9991 16.8061
611.2319 79.8435
1181.6110 99.4025
9999.9997 59.3624
0.0002 38.7951
9999.9996 0.2797
98.5445 64.0206
0.0011 37.6598
0.0002 38.1356
9999.9997 25.0532
3409.7235 67.5510
9999.9998 74.4870
7003.1272 39.2197
0.0005 71.9300
9858.2245 6.4279
4350.9749 97.0102
0.0005 68.8768
9999.9994 4.6881
3313.2420 3.4027
9999.9994 50.4926
0.0008 62.5169
3033.2927 66.4309
6520.3622 57.1210
0.0002 66.8938
7439.0371 99.3652
0.0004 94.2377
3948.0100 45.2445
9999.9991 69.6844
9999.9997 32.6314
9999.9994 14.3305
1643.7705 45.1745
0.0005 6.0815
0.0009 14.1758
87 0.0003 98.4824
0.0009 54.7994
9999.9998 3.7161
9999.9995 27.7400
9999.9992 76.2552
0.0003 97.9815
10000.0000 67.6768
0.0004 8.8266
9999.9993 24.3917
9999.9994 60.0490
9999.9993 49.5188
9999.9995 16.8492
9999.9995 2.1912
0.0010 24.8697
9999.9995 5.4829
9999.9990 62.3953
0.0002 74.2122
0.0007 33.3629
0.0005 94.0659
0.0008 45.3292
9999.9994 3.2177
9999.9990 55.5123
0.0008 17.7292
9999.9991 18.3924
0.0009 44.4604
0.0002 17.0058
0.0005 66.8664
0.0007 49.5832
9999.9992 95.6624
9999.9991 52.8933
9999.9994 60.4700
0.0009 81.7074
0.0006 68.8446
9999.9998 8.6629
0.0005 98.1626
0.0006 97.8345
9999.9996 64.3140
0.0009 78.5218
0.0010 13.7378
9999.9997 62.0401
0.0007 27.6063
0.0004 50.9383
9999.9993 22.1016
0.0002 3.5317
0.0005 21.2750
0.0006 79.7383
9999.9997 69.3709
9999.9995 26.3598
0.0007 99.4574
0.0001 34.5363
0.0007 60.4734
9999.9997 97.1061
0.0003 16.1610
9999.9990 56.1801
9999.9999 42.9031
0.0007 85.1675
0.0009 95.0472
9999.9997 1.1493
9999.9993 25.8453
9999.9993 62.3652
0.0003 77.5548
9999.9996 92.0220
0.0009 74.7389
9999.9998 29.7405
9999.9990 44.7979
0.0007 48.9357
9999.9997 33.4341
0.0011 64.3370
0.0010 20.3033
9999.9993 24.3982
9999.9990 78.3541
9999.9995 67.3857
0.0006 57.1316
9999.9995 19.3813
9999.9999 62.9129
9999.9998 34.4796
0.0007 9.1042
9999.9997 14.7487
0.0006 88.8959
0.0010 62.1992
0.0008 49.9277
9999.9994 34.6678
0.0003 83.6594
0.0007 98.3675
0.0006 32.3102
9999.9996 36.1864
0.0002 82.6173
9999.9996 63.1225
79 0.0009 49.7437
0.0009 52.2768
9999.9992 88.4314
9999.9999 97.2095
0.0008 91.0130
0.0002 63.8514
9999.9997 76.9972
0.0002 12.4289
0.0002 17.8152
9999.9992 72.7713
9999.9998 72.7707
0.0010 89.3788
0.0004 17.1506
0.0001 31.4260
9999.9991 69.8208
9999.9992 32.9466
9999.9990 39.7583
9999.9992 94.1670
9999.9991 12.1227
9999.9992 40.4582
0.0002 24.6823
0.0004 95.5290
0.0006 30.0943
0.0010 12.6535
9999.9999 15.5214
0.0011 1.7993
0.0002 66.7273
0.0008 83.6528
9999.9998 72.6406
9999.9999 48.7531
9999.9992 1.6713
9999.9995 37.8859
9999.9993 99.1082
0.0010 89.9639
9999.9998 22.0036
0.0005 22.4697
9999.9991 61.9873
0.0001 71.7187
9999.9999 82.5398
0.0010 41.9596
0.0008 23.4731
9999.9997 99.6157
9999.9992 27.9848
0.0004 36.7985
0.0007 69.5216
0.0009 78.9934
0.0003 9.7953
0.0011 88.1118
9999.9997 55.2828
0.0008 65.4369
9999.9990 5.0150
9999.9991 72.0677
0.0004 18.9178
9999.9997 69.5704
9999.9995 70.2567
0.0006 40.8228
10000.0000 26.8509
9999.9990 80.7318
9999.9997 50.6277
9999.9990 71.8333
0.0010 5.0655
0.0002 32.0847
9999.9999 84.3369
0.0003 58.4313
0.0005 9.0278
0.0008 49.2868
9999.9999 48.7360
9999.9997 8.3796
0.0009 2.9836
9999.9994 51.0908
9999.9997 36.4437
0.0005 49.6813
0.0005 87.2818
0.0006 62.1853
9999.9998 75.0780
9999.9994 64.8516
0.0005 11.9643
0.0002 30.4935
9999.9992 39.2734
9999.9990 5.2121
35 9999.9999 0.4859
0.0005 14.3500
9999.9993 43.8157
0.0003 49.6370
0.0010 89.6906
0.0009 84.3285
0.0002 66.7430
0.0009 38.0335
9999.9992 44.0141
10000.0000 44.3048
10000.0000 50.4323
0.0006 31.1497
9999.9999 35.3251
9999.9990 85.0723
0.0008 15.3092
9999.9994 58.1461
9999.9997 0.4859
9999.9993 9.0484
9999.9998 22.7820
0.0006 58.4502
0.0005 30.3142
0.0011 27.2287
9999.9998 53.9715
10000.0000 76.0644
0.0010 59.1651
9999.9997 65.2395
9999.9991 9.8074
9999.9996 30.8707
0.0004 19.0792
0.0009 81.5768
9999.9998 52.6816
9999.9990 40.0288
0.0007 91.6849
9999.9994 26.1741
0.0010 72.4673
0.0009 38.5600
73 0.0006 0.7886
0.0002 68.9645
0.0004 11.6510
0.0002 28.8884
0.0006 37.3951
0.0008 53.9068
0.0002 72.4459
0.0007 6.5271
0.0007 1.5423
0.0002 45.2495
0.0008 46.5476
0.0005 87.0097
0.0008 9.1476
0.0007 38.6242
0.0006 53.4490
0.0004 0.7886
0.0004 41.2572
0.0008 87.7257
0.0009 27.7498
0.0010 92.3181
0.0010 54.9204
0.0003 66.3635
0.0009 75.5048
0.0006 37.4325
0.0006 14.1482
0.0006 13.2115
0.0009 7.1970
0.0006 82.5971
0.0003 90.7318
0.0004 43.7199
0.0002 84.7991
0.0001 13.1775
0.0010 87.1970
0.0003 42.1140
0.0002 93.6936
0.0010 95.2467
0.0009 48.6434
0.0008 5.6087
0.0006 27.9339
0.0002 88.0714
0.0003 17.9937
0.0011 68.3711
0.0008 98.1950
0.0006 63.7331
0.0010 85.4347
0.0003 20.3990
0.0006 36.7813
0.0002 66.0939
0.0002 83.6980
0.0004 7.5144
0.0008 37.6227
0.0011 56.8163
0.0007 62.3358
0.0010 30.4732
0.0007 62.3218
0.0002 23.4718
0.0003 91.5416
0.0004 89.5308
0.0007 7.4258
0.0003 64.8926
0.0005 70.1008
0.0005 41.3754
0.0002 26.1439
0.0007 52.4224
0.0003 59.2002
0.0004 66.8220
0.0004 76.2323
0.0003 92.2578
0.0008 39.9358
0.0009 48.9425
0.0010 95.9680
0.0009 15.1194
0.0008 34.3146
0.0008 98.6724
17 0.0009 52.4995
0.0002 91.7756
0.0008 2.8078
0.0006 47.6933
0.0010 54.1517
0.0010 10.0976
0.0009 5.5877
0.0004 89.9383
0.0010 87.9436
0.0006 67.5813
0.0002 7.4436
0.0006 50.5046
0.0008 59.6562
0.0006 31.3180
0.0003 82.7709
0.0009 43.5632
0.0007 68.4281
0.0004 91.2306
92 9999.9993 50.5781
9999.9996 23.2581
9999.9995 96.0624
9999.9999 82.3282
9999.9992 12.3666
9999.9997 60.6749
9999.9996 46.9477
9999.9990 55.2613
9999.9997 92.4802
9999.9996 59.1778
9999.9996 88.2741
9999.9999 12.7269
9999.9998 24.8503
9999.9998 53.5312
9999.9997 95.4441
9999.9996 64.2524
9999.9997 33.6606
9999.9993 69.2196
9999.9999 77.2275
9999.9990 64.5966
9999.9994 5.7857
9999.9998 3.6588
9999.9998 17.0696
9999.9992 64.5867
9999.9991 92.4322
9999.9997 51.9104
9999.9997 17.0042
9999.9995 78.4461
9999.9994 59.1816
9999.9991 62.0743
9999.9997 8.6677
9999.9991 87.8919
9999.9993 63.1690
9999.9991 17.4764
9999.9996 86.0776
9999.9995 80.9516
9999.9993 84.3697
9999.9995 55.7690
9999.9993 53.1088
9999.9992 14.0798
9999.9995 80.5407
9999.9997 16.3290
9999.9997 11.2555
9999.9992 61.1556
9999.9999 98.0861
9999.9998 54.5835
9999.9993 35.7605
9999.9997 62.4277
9999.9995 26.8054
9999.9995 98.2805
9999.9991 89.3732
9999.9995 19.5174
9999.9996 40.3602
9999.9992 65.7240
9999.9993 69.3084
10000.0000 4.9002
9999.9993 29.0684
9999.9991 38.4418
10000.0000 80.2409
9999.9993 62.6400
9999.9995 83.7794
9999.9991 37.1569
9999.9996 16.2941
9999.9993 19.0850
9999.9998 73.5425
9999.9998 80.5966
9999.9990 70.6394
9999.9991 35.4197
9999.9997 13.6301
9999.9992 92.5916
9999.9997 22.0074
9999.9991 21.6974
9999.9992 76.5641
9999.9995 10.7944
9999.9997 31.9353
9999.9998 9.8770
9999.9996 8.8091
9999.9996 65.7254
9999.9993 96.9906
9999.9992 62.7654
10000.0000 48.8994
9999.9991 2.6770
9999.9998 21.4617
9999.9996 63.3915
9999.9998 29.4265
9999.9991 63.8681
9999.9991 47.6786
9999.9999 84.2696
9999.9993 25.7181
9999.9998 10.8941
9999.9999 42.5058
9999.9998 82.0240
9999.9993 39.6219
37 0.0007 0.4863
9999.9993 98.7592
9999.9992 99.2656
9999.9996 98.9980
9999.9993 66.4808
9999.9995 10.1054
9999.9999 85.2386
9999.9996 46.4942
9999.9999 77.1465
9999.9993 59.1919
9999.9997 61.4363
9999.9997 77.3115
9999.9994 55.9172
9999.9999 40.7909
9999.9994 93.0174
9999.9995 38.1959
9999.9997 62.1397
9999.9996 85.1637
9999.9992 40.9709
9999.9999 78.4630
9999.9994 80.5107
10000.0000 0.4863
9999.9997 31.6736
9999.9990 94.5433
9999.9997 35.2464
9999.9995 33.4178
9999.9995 67.2236
10000.0000 40.7661
9999.9992 21.0829
9999.9998 73.5138
9999.9993 40.0658
9999.9990 60.3343
9999.9997 64.9978
9999.9991 89.0973
9999.9998 8.1547
9999.9993 8.4079
9999.9999 48.7496
9999.9995 44.5512
51 5627.5288 99.9000
272.7618 85.1155
7478.8385 24.2586
4690.9366 25.5685
5081.9869 95.0163
6594.1789 9.3997
8352.9060 91.4174
3657.4148 87.8038
6015.0097 88.2692
4888.0144 52.2801
61.4866 59.3509
7210.5901 98.7610
4179.0578 18.2335
2222.8330 11.1124
4985.3229 69.4707
4096.6744 40.0048
9623.4831 68.1310
7879.2259 93.1578
5189.3432 83.0541
2653.7936 72.7453
3847.2331 25.4116
3583.9522 40.7859
2742.2843 23.4350
6042.6600 63.7470
1768.9181 61.5390
4725.5937 65.3985
7416.1713 50.0373
6485.8063 94.7169
1100.2821 24.9102
6054.9035 19.2508
2405.9967 15.1293
2190.7098 9.3375
2759.6176 88.0199
3313.7694 48.1269
9652.3558 54.9755
5866.7849 78.6116
3066.5405 13.4700
2043.0312 95.1844
5591.8372 61.1424
126.0356 74.1282
9585.2593 65.8808
5303.0641 74.8312
7714.6702 67.6229
4144.9809 32.2901
8544.7877 82.5234
6616.9929 26.8183
9858.1330 87.2707
6969.1104 78.2576
6045.4431 79.3469
2235.8022 69.4046
7980.4624 31.2375
3075.4536 5.7278
99 9999.9993 98.9104
9999.9992 31.8825
9999.9999 51.2440
9999.9993 56.2241
9999.9997 0.5840
9999.9992 19.9765
9999.9993 59.8392
9999.9992 89.9005
9999.9996 17.6854
9999.9994 2.8082
9999.9994 45.0603
9999.9993 95.3621
9999.9996 86.6277
9999.9995 2.3286
9999.9998 14.9056
9999.9999 53.0342
9999.9996 97.9672
9999.9991 20.9793
9999.9995 3.6732
9999.9996 35.1992
9999.9996 43.1537
9999.9991 50.3353
9999.9998 37.0701
9999.9995 53.3811
9999.9993 29.1450
9999.9994 75.7088
9999.9997 74.5334
9999.9999 31.7733
9999.9991 45.1270
9999.9995 66.7797
9999.9998 76.6828
9999.9996 58.3491
9999.9990 18.8953
9999.9999 33.8925
9999.9998 59.5126
9999.9990 53.9591
9999.9994 55.5879
9999.9994 18.6460
9999.9997 3.8072
9999.9992 37.3595
9999.9994 36.2796
10000.0000 37.4978
10000.0000 86.4253
9999.9993 62.1965
9999.9991 79.8915
9999.9993 59.1999
9999.9991 23.6010
9999.9991 94.1793
9999.9999 11.9154
9999.9999 65.2277
9999.9996 63.1315
9999.9990 30.9073
9999.9997 61.9205
9999.9997 40.1208
9999.9997 10.2177
9999.9991 75.0064
9999.9993 25.6701
9999.9992 57.8077
9999.9992 77.9489
9999.9995 76.5624
9999.9999 61.5772
9999.9991 24.0378
9999.9995 37.0470
9999.9996 55.3103
9999.9996 80.8163
9999.9990 53.2346
9999.9998 27.0545
9999.9990 1.6351
9999.9992 98.4511
9999.9992 96.3000
9999.9992 72.7016
9999.9996 39.1086
9999.9990 87.5558
9999.9999 9.2380
9999.9999 12.7549
9999.9993 91.6387
9999.9997 1.9431
9999.9994 99.8993
9999.9998 28.3769
9999.9992 41.6383
9999.9999 77.1980
9999.9996 6.4724
9999.9995 25.9793
9999.9999 42.4326
9999.9998 85.9822
9999.9999 29.9064
9999.9993 56.0127
9999.9996 90.1540
9999.9997 63.7338
9999.9991 47.0520
9999.9993 14.4850
9999.9997 73.5386
9999.9996 33.1877
9999.9998 1.4556
10000.0000 13.3355
9999.9994 23.1894
9999.9992 23.2050
9999.9993 7.5236
9999.9995 80.4980
9999.9994 36.1157
31 9999.9991 0.3977
0.0009 8.3900
9999.9994 93.3527
2765.9278 5.7522
9999.9997 88.9506
5377.1623 62.3449
0.0002 49.3366
9999.9991 79.1412
0.0010 85.2199
0.0011 48.7792
9999.9998 6.5890
0.0008 79.4242
5508.8513 1.6677
0.0003 48.8236
0.0007 89.8297
0.0010 52.0887
155.1167 97.0151
3779.5908 43.9800
1589.3267 58.6131
1700.2455 72.9255
9999.9995 53.0140
9999.9998 95.8736
9999.9993 85.2361
0.0009 61.4146
9999.9993 6.7572
9999.9996 64.9453
9999.9999 68.6200
5911.2631 26.8644
0.0010 0.3977
5477.7559 84.9449
2547.3569 72.6247
0.0002 98.9336
27 9999.9992 1.2462
0.0008 67.9143
0.0006 86.1976
9999.9993 1.2444
0.0010 27.7447
10000.0000 99.2326
9999.9996 50.7994
0.0004 9.7628
9999.9996 58.8916
9999.9999 85.9153
0.0011 23.1478
10000.0000 12.3436
0.0002 87.0423
0.0001 17.1608
9999.9994 50.6393
0.0009 8.9874
9999.9992 56.1864
9999.9992 65.0540
0.0009 40.7115
0.0010 67.6507
0.0008 69.7554
0.0010 49.5334
9999.9998 20.5884
9999.9996 46.3387
9999.9998 58.2800
9999.9992 15.8854
9999.9994 65.3918
0.0008 19.4820
75 9999.9996 0.8771
0.0010 37.2045
0.0004 30.7115
0.0008 42.7230
0.0010 45.5402
0.0002 31.7090
0.0008 68.4840
0.0001 67.0167
0.0008 73.1978
0.0010 89.7143
0.0010 51.1284
0.0007 22.8949
0.0001 39.3139
0.0002 5.9337
0.0004 7.6776
0.0006 58.1983
0.0010 20.7745
0.0003 33.6641
0.0005 1.3346
0.0011 33.1781
0.0003 53.4576
0.0002 30.9563
0.0010 7.7013
0.0003 78.0500
0.0002 39.5594
0.0010 86.1275
0.0008 39.2490
0.0007 96.8026
0.0007 84.6657
0.0005 20.2378
0.0002 63.8725
0.0008 81.4092
0.0002 89.9252
0.0007 8.2700
0.0005 43.1377
0.0011 48.7121
0.0005 14.1011
0.0004 15.3437
0.0006 72.9139
0.0010 93.9003
0.0003 32.5180
0.0006 1.3129
0.0008 66.8372
0.0005 6.9524
0.0005 29.2364
0.0002 88.7510
0.0001 19.2060
0.0008 62.6950
0.0011 84.8223
0.0009 85.6639
0.0005 15.9847
0.0001 30.3801
0.0005 57.9506
0.0004 12.1245
0.0009 17.2370
0.0001 73.2815
0.0003 43.6628
0.0008 61.8625
0.0007 16.4248
0.0005 86.9098
0.0010 0.8758
0.0007 72.9146
0.0003 19.0844
0.0010 39.2147
0.0002 64.5035
0.0005 58.1910
0.0008 94.9527
0.0009 86.6710
0.0007 43.7669
0.0006 19.9698
0.0006 47.8453
0.0009 91.9489
0.0008 24.3947
0.0010 11.3619
0.0002 43.7648
0.0001 47.6535
63 113.9531 99.5239
7348.2165 99.1233
3208.9609 7.5604
8943.2583 99.1049
6244.7715 92.1036
5368.0462 5.9205
8730.2391 93.2689
5869.8114 94.4245
6512.8339 99.6514
7063.9116 6.6811
5785.0337 93.2806
8184.9566 93.3983
7029.3995 90.1747
6885.1960 8.7208
3396.7975 2.8581
368.8382 90.7826
7487.0413 93.1362
9441.2784 99.1616
893.3069 5.7949
7160.1113 1.8476
5193.9450 3.5723
7800.0413 7.6649
8126.3457 93.9641
698.1195 7.1603
7817.3828 3.1780
2376.0905 5.3339
4466.2843 93.1165
2360.3143 2.3137
5330.2536 6.6143
2838.8340 2.4515
5826.1463 6.5616
3175.9707 8.7560
4712.1518 97.8708
2582.5394 4.2984
4614.6725 99.1576
8826.7179 95.1313
9757.4930 95.3753
8041.9095 4.8791
6313.8312 93.4409
1169.5857 8.4400
5554.7832 93.6188
5214.2214 95.4707
2279.7755 2.3588
7505.9461 7.6461
7174.9312 5.0663
2798.6411 7.0650
436.7189 96.4673
4960.9819 96.9598
5492.0368 97.4392
4278.6686 94.6757
4683.8957 99.3467
2412.5677 95.7106
3775.7295 3.0206
2999.0231 8.5315
147.0624 6.1401
358.0816 95.4095
8893.9423 90.4315
1583.1791 4.8764
4464.1514 94.3760
5900.4416 6.0697
5568.6902 96.8360
4023.7299 96.6268
9934.0770 4.9579
850.8004 94.5678
42 0.0002 88.9201
0.0001 43.4711
0.0004 41.7394
0.0004 9.0501
775.7859 23.7489
1839.2107 97.1397
0.0002 68.1216
0.0009 15.1730
0.0006 6.8257
0.0009 60.3920
9999.9994 80.9568
5693.2717 78.3925
5538.0236 46.2727
9999.9993 82.2058
0.0007 70.2509
9999.9994 50.0050
9802.4004 73.9809
9999.9996 8.0247
9999.9995 96.0860
0.0006 90.7397
0.0006 71.7573
9999.9995 1.5873
0.0006 91.5469
8138.0807 93.5830
9999.9997 46.5663
9999.9994 73.1935
7410.4698 33.4859
6954.2284 43.9118
9999.9994 41.6080
6258.9320 75.6657
0.0008 86.2768
9999.9995 88.9201
7313.4772 55.3697
5604.0524 8.3854
0.0004 79.0408
1962.7303 88.8636
10000.0000 56.5623
9999.9991 25.5903
1955.7967 22.8679
4103.2743 15.0893
9999.9997 1.0713
0.0004 5.4140
9999.9999 18.6928
4 9999.9998 9.7828
5663.5949 89.5713
9999.9995 66.3247
0.0009 78.0276
0.0006 9.7725
43 2136.3277 97.7526
636.4859 39.1141
2842.2966 39.3403
3072.7320 80.6357
3793.4909 21.0233
9887.7897 19.4493
3397.1877 76.0851
4669.1164 12.9021
5023.6116 89.8598
893.9618 90.8919
7374.2154 28.5578
2233.3363 71.7790
2680.8021 9.2175
6480.6717 87.4589
4633.2753 29.0099
4954.0322 16.3694
6029.4574 97.7517
9316.9545 30.7065
6399.3565 51.3726
562.5993 48.6015
1608.6375 88.3264
1199.9352 86.4644
2569.1274 51.6136
9006.9700 82.4737
8953.0997 0.8931
9302.7284 39.4994
5022.2286 68.5302
2028.0035 28.6795
7033.5035 50.4767
4470.4682 53.7933
579.1402 10.6958
4808.2741 31.7657
9000.3318 74.0280
3698.5930 81.1155
6854.8363 76.5031
6138.8531 10.3821
5922.9257 14.6095
5707.5995 32.8234
9071.5237 76.2088
5452.8929 43.7700
9005.4631 70.0066
8917.3420 73.4638
3147.4164 38.0886
4534.1564 71.9518
76 9999.9995 62.4886
0.0007 13.7672
2730.9767 86.5146
9999.9993 49.7482
9999.9995 23.2187
9999.9999 34.8855
9999.9996 70.6010
7443.1083 16.1304
0.0007 21.6638
9999.9993 47.4509
0.0005 63.6658
9093.4110 5.0696
8064.2806 85.4881
9999.9999 38.0274
9999.9996 90.7578
4426.2731 95.4487
9999.9992 86.6281
9999.9993 77.7142
1873.4377 97.8015
4417.2824 44.8998
4637.9707 25.7411
9999.9991 51.1623
0.0009 68.5428
3020.6340 87.5542
9999.9998 95.1072
0.0006 92.9882
5083.0903 26.1510
9879.6740 77.6957
788.3833 61.9704
0.0001 71.4538
9999.9992 43.4860
3687.0668 94.1543
0.0008 46.4028
9999.9998 84.5998
9999.9994 27.2821
9999.9997 34.2638
2738.7621 12.2012
0.0010 9.7020
0.0004 74.6863
7900.2283 30.3732
9999.9993 81.2983
9999.9993 0.8142
0.0002 67.7478
0.0002 55.9804
0.0006 62.4886
8837.5404 73.6582
0.0009 24.5546
0.0007 71.2801
0.0010 87.2106
5023.5375 0.2947
5100.0357 98.6545
5091.1566 47.1289
4830.0588 43.4848
0.0008 51.8214
0.0009 16.4175
6016.3187 4.7981
0.0009 0.7038
0.0008 37.4062
7690.4353 29.5464
9999.9993 6.0128
9999.9992 50.9222
9999.9995 1.9548
9999.9990 75.8831
9999.9998 19.9331
0.0008 83.8997
8843.8744 88.5880
6461.5037 71.7609
0.0005 25.1016
0.0006 81.1290
9999.9998 68.0043
9999.9994 61.6246
0.0003 54.8354
0.0011 25.4922
9999.9993 20.4534
2060.3182 7.4987
0.0005 25.7482
9999.9995 95.9934
100 8401.5820 59.8904
863.8513 59.8904
2268.3699 59.8904
6833.4188 59.8904
8024.1663 59.8904
2832.6353 59.8904
1775.8429 59.8904
3445.6629 59.8904
7647.1277 59.8904
4609.8175 59.8904
6551.7922 59.8904
5772.8047 59.8904
2888.6322 59.8904
2951.9720 59.8904
8029.9137 59.8904
624.8673 59.8904
8045.8900 59.8904
1891.0708 59.8904
1424.4416 59.8904
2519.7068 59.8904
5527.0688 59.8904
7519.7964 59.8904
3242.3385 59.8904
6219.8638 59.8904
7696.7778 59.8904
3373.4687 59.8904
8517.2270 59.8904
453.3837 59.8904
8166.3427 59.8904
5965.4943 59.8904
8127.9808 59.8904
6058.2156 59.8904
488.2785 59.8904
5555.8251 59.8904
5436.5778 59.8904
4006.9707 59.8904
676.0612 59.8904
3101.6246 59.8904
3546.8000 59.8904
718.8695 59.8904
4468.2888 59.8904
4069.0099 59.8904
698.0086 59.8904
792.5916 59.8904
5442.3788 59.8904
2646.0299 59.8904
4630.2004 59.8904
2253.4141 59.8904
5226.8111 59.8904
2361.9668 59.8904
4963.6460 59.8904
2705.7518 59.8904
7344.5683 59.8904
8025.6182 59.8904
1931.9987 59.8904
7485.1601 59.8904
9381.9028 59.8904
2019.7666 59.8904
2939.6369 59.8904
6117.0402 59.8904
7295.2367 59.8904
6303.3123 59.8904
9454.7748 59.8904
8689.6209 59.8904
4977.8441 59.8904
3805.0813 59.8904
6404.7068 59.8904
4333.1996 59.8904
8148.5356 59.8904
7381.4507 59.8904
8807.8360 59.8904
4036.5048 59.8904
5332.9687 59.8904
9909.4478 59.8904
5938.8098 59.8904
9982.2877 59.8904
8293.4444 59.8904
8743.5994 59.8904
7578.8231 59.8904
950.4377 59.8904
1160.4804 59.8904
8126.5297 59.8904
3156.5674 59.8904
4978.5071 59.8904
5493.5969 59.8904
7932.6464 59.8904
4727.1337 59.8904
1932.7762 59.8904
4206.0228 59.8904
1181.9544 59.8904
1070.4842 59.8904
1125.5713 59.8904
3109.9049 59.8904
8311.0585 59.8904
3848.9228 59.8904
9534.7044 59.8904
6775.4754 59.8904
2641.3430 59.8904
2887.0199 59.8904
3239.2323 59.8904
246.7691 59.8904
97 10000.0000 99.3735
0.0008 9.4556
1154.7850 68.3223
3188.8728 34.1602
0.0003 77.3573
9999.9990 44.6332
0.0002 58.7612
0.0005 62.9256
9500.4851 63.6213
0.0004 25.5930
9999.9990 40.6588
9999.9994 40.2666
0.0002 95.0649
4019.1266 12.8905
9999.9993 49.2708
9999.9991 62.7103
9999.9998 41.4292
4870.7376 52.5771
0.0009 79.9095
0.0011 46.7759
1372.5707 74.8112
0.0001 45.2249
0.0009 1.6055
3029.2603 81.4607
0.0004 99.8624
0.0002 53.4792
9999.9996 81.1193
9999.9996 96.8342
9999.9992 20.2148
9999.9990 22.4665
0.0005 15.0597
9135.8560 32.8501
0.0010 88.8032
443.8571 4.2494
7469.6378 87.2805
5914.4214 45.1833
7177.8164 98.4010
3187.5701 11.1753
9999.9999 17.1909
4348.6910 65.5203
0.0009 98.1546
9999.9990 19.8884
0.0008 35.4056
9999.9991 82.5200
6011.3383 27.7181
6180.1064 81.2180
5268.2018 89.1297
2081.7211 4.4930
0.0002 23.3803
9999.9998 9.2363
9999.9999 69.8380
0.0006 92.0769
3595.7283 66.1381
9999.9999 3.7398
0.0008 28.7744
9999.9996 49.2359
0.0003 10.8392
9999.9992 14.4435
0.0011 0.6187
0.0010 26.9917
0.0002 82.5197
1690.3815 6.0981
9999.9997 93.2426
9999.9993 34.8324
5200.0930 52.3578
9713.6213 92.5606
0.0003 14.5771
9999.9995 79.8525
0.0008 31.1380
9999.9995 56.6834
0.0011 1.7499
9999.9995 94.5625
0.0003 65.3681
0.0008 19.8470
9080.7123 33.3898
10000.0000 42.7442
0.0008 11.0725
3192.7119 25.9536
0.0005 87.6511
9999.9996 81.3910
9999.9992 26.3791
5397.2344 71.8541
187.6906 64.0944
998.1667 90.8921
9999.9999 64.5453
9999.9998 1.9613
9999.9995 30.3706
9999.9996 25.0218
2505.7687 76.9728
0.0002 56.5136
2585.8852 98.8505
9999.9993 29.2829
1758.9124 19.8540
9999.9997 75.6556
0.0005 33.5220
1680.5423 31.7768
147.7954 84.3481
0.0005 10.8658
40 0.0005 44.1564
0.0008 47.5856
4811.1790 57.6170
4039.7217 52.4310
0.0011 48.1996
9020.6592 71.6470
9999.9994 25.2794
9999.9991 68.3207
0.0007 82.8971
9999.9997 56.0759
9999.9991 1.6463
9999.9999 87.1416
9999.9995 25.2126
0.0004 22.1649
9999.9999 81.6354
9999.9996 64.0118
9999.9995 6.0031
6313.5196 47.3807
8868.6251 15.8225
6187.5900 9.2638
7614.5230 43.7902
9339.8575 35.7919
0.0011 3.7262
500.4537 15.4678
9999.9999 68.0929
6790.2315 63.6774
0.0008 11.6378
9999.9997 4.8973
9999.9993 76.9538
0.0001 42.0092
9999.9992 99.1334
9999.9991 40.3055
0.0008 34.1149
0.0006 45.0451
0.0002 58.0209
0.0005 4.8166
0.0004 77.5375
9355.7305 69.3954
0.0002 46.6056
7950.2016 25.6577
5231.7798 29.2433
2 0.0001 0.1000
0.0001 0.1002
0.0001 0.1001
5 6394.5415 67.2412
7709.7540 73.6543
2150.9628 95.7296
6769.4593 34.7925
4994.7025 74.5110
6296.6208 81.6017
31 0.0004 3.5298
0.0010 30.9264
0.0006 82.4572
0.0004 28.8495
0.0009 67.6883
0.0007 97.3670
0.0001 31.4705
0.0002 35.2560
0.0008 22.4924
0.0007 12.8454
0.0003 83.1945
0.0008 91.2960
0.0011 54.7112
0.0004 88.6115
0.0011 25.0591
0.0004 41.9208
0.0006 15.1560
0.0011 22.3341
0.0003 53.0017
0.0003 47.5312
0.0006 84.6797
0.0005 44.7091
0.0002 93.0637
0.0003 10.2549
0.0006 3.5309
0.0011 81.3339
0.0009 8.5926
0.0006 69.5273
0.0010 73.2188
0.0003 72.0262
0.0005 66.7564
0.0011 78.5484
42 0.0001 98.6437
9999.9995 41.6277
0.0002 11.1379
9999.9992 64.7001
0.0006 52.3727
9999.9993 83.9132
0.0002 58.3199
0.0008 0.7199
9999.9995 25.4661
0.0002 48.5385
0.0006 36.1391
0.0004 98.6437
0.0008 3.0246
0.0004 0.1306
0.0004 83.2115
0.0004 64.5319
0.0005 58.8789
0.0005 24.2437
9999.9996 15.5137
0.0003 90.3752
9999.9992 84.1357
0.0003 85.6053
9999.9999 34.0321
9999.9998 5.4334
0.0003 9.2697
10000.0000 19.5325
10000.0000 58.9045
0.0011 24.6344
9999.9992 45.1842
9999.9996 97.1828
9999.9999 52.3993
9999.9998 39.2481
9999.9999 89.0265
0.0003 4.0799
9999.9995 92.6722
9999.9992 74.3681
0.0006 90.3457
0.0004 92.8466
9999.9998 40.6086
9999.9995 11.5964
9999.9992 67.5415
0.0002 83.6326
9999.9996 66.3450
21 9999.9995 87.7710
0.0002 45.3076
0.0002 56.8805
0.0007 65.3361
0.0002 87.3552
0.0002 26.5215
0.0010 46.3881
0.0010 12.2365
0.0004 69.9725
0.0005 21.8276
0.0005 17.0759
0.0005 59.0891
0.0002 43.9633
0.0007 68.6256
0.0009 26.3209
0.0007 34.5776
0.0003 87.7710
0.0011 26.7744
0.0010 16.5183
0.0008 39.2852
0.0006 3.4010
0.0006 4.2489
34 7123.2484 1.3308
9999.9991 91.7667
9999.9990 1.5683
0.0005 99.3219
9999.9995 1.4677
0.0004 0.9114
0.0011 5.5368
9999.9999 94.4977
9999.9993 1.1940
0.0004 98.0095
0.0005 4.3720
0.0001 98.4263
0.0002 93.2247
0.0002 98.6750
9999.9999 95.2686
0.0003 98.2791
9999.9993 96.8464
9999.9995 95.8160
9999.9993 90.4934
0.0009 99.8813
0.0003 92.9825
0.0006 94.3022
9999.9995 7.3056
9999.9995 7.3096
0.0005 99.4591
0.0009 4.3319
9999.9998 6.8529
9999.9997 99.8978
10000.0000 8.5724
0.0002 9.2481
0.0007 4.3551
9999.9998 92.3512
9999.9994 1.6105
0.0011 7.5695
9999.9994 90.7821
93 9999.9996 25.4945
0.0004 95.4710
0.0002 73.9051
0.0010 14.0721
0.0005 17.4430
0.0006 49.8106
0.0006 63.0853
0.0008 36.9445
0.0002 92.1957
0.0003 89.6936
0.0006 1.6925
0.0004 5.9344
0.0010 29.1694
0.0010 76.7700
0.0010 12.5806
0.0008 73.6933
0.0002 30.1243
0.0009 20.3075
0.0001 49.3194
0.0004 44.3327
0.0003 63.2983
0.0003 94.1195
0.0004 93.0225
0.0010 92.5453
0.0002 57.6181
0.0007 40.0205
0.0004 4.4391
0.0007 2.9279
0.0005 61.4544
0.0010 90.9843
0.0008 40.3682
0.0002 97.6960
0.0008 10.0962
0.0009 31.0583
0.0006 89.1503
0.0007 60.6306
0.0007 20.0897
0.0009 91.0100
0.0007 10.6645
0.0002 98.1606
0.0007 4.5777
0.0010 19.0266
0.0002 94.3334
0.0005 33.6443
0.0002 78.1617
0.0002 64.4580
0.0005 39.4494
0.0009 80.0269
0.0003 61.3863
0.0003 2.4644
0.0004 35.6125
0.0005 14.2886
0.0007 52.9232
0.0007 56.0428
0.0002 23.0934
0.0004 25.4945
0.0010 31.3876
0.0009 26.8380
0.0009 87.5040
0.0005 57.8794
0.0007 6.2064
0.0005 12.6962
0.0006 95.9869
0.0006 22.6945
0.0010 80.9789
0.0010 56.6176
0.0005 90.7916
0.0006 82.2060
0.0001 4.9168
0.0001 30.2038
0.0006 12.1894
0.0008 73.8713
0.0005 38.6606
0.0002 13.0773
0.0009 81.1001
0.0003 37.8308
0.0008 56.5485
0.0004 82.9166
0.0003 61.9216
0.0009 36.6361
0.0004 88.2837
0.0009 72.9187
0.0001 37.5972
0.0003 38.5168
0.0005 4.8565
0.0007 60.7462
0.0007 74.9725
0.0002 84.0484
0.0001 45.1817
0.0002 18.6204
0.0001 33.1527
0.0006 76.4602
0.0002 10.2041
0.0006 88.8624
19 9804.3797 0.2453
9999.9993 4.6886
0.0007 1.0966
0.0001 99.3033
0.0003 3.3112
0.0006 4.8473
9999.9999 0.2453
9999.9993 95.9756
0.0007 94.8270
9999.9999 5.9114
0.0008 8.0403
0.0007 8.3046
0.0010 92.8480
9999.9999 2.7746
9999.9995 99.8207
9999.9991 2.6921
9999.9991 92.3482
9999.9996 6.5263
9999.9994 95.3736
0.0001 1.1734
46 953.0643 1.6526
3410.6208 75.1434
8000.8867 10.0077
8430.6555 82.8996
3778.3994 3.5655
7946.1468 58.6622
9379.3192 9.3232
2565.4702 28.8189
9769.8885 90.8628
9882.1754 7.3092
8892.0965 77.2733
7695.8590 43.2229
6126.0493 87.1590
2676.6844 30.6366
512.6698 35.8853
2310.6342 92.3746
5343.8990 46.7810
9097.6181 23.4802
5816.4028 90.0945
1033.9682 8.7157
7449.5135 46.8035
3209.4355 39.5889
8901.3229 9.0264
762.4083 1.6537
7969.3325 74.7508
6181.2002 18.9311
7114.7839 77.7864
6423.6894 10.5402
4206.7778 17.9393
3310.9208 37.1784
9842.1717 25.8232
2981.9164 94.2142
2756.5103 72.3119
8055.1118 22.8675
6475.9177 51.5140
1688.8921 79.1878
2428.2078 2.8523
4159.3954 11.8101
6067.4462 2.0346
2637.4647 64.2852
2769.1858 99.3797
3439.5292 18.8546
5246.9828 45.3102
4849.2615 73.0130
8625.7902 84.7551
1899.0024 48.8461
4856.3614 21.9094
39 0.0001 2.2763
9999.9997 2.2734
9999.9993 49.1226
9999.9994 49.9935
9999.9992 58.8333
9999.9995 4.4013
10000.0000 18.4288
9999.9995 90.8879
9999.9992 49.5261
9999.9996 18.5912
9999.9999 11.9064
9999.9997 87.1324
9999.9999 30.6559
9999.9998 71.1448
9999.9999 11.7694
9999.9998 98.7933
9999.9992 6.7390
9999.9996 93.6656
9999.9994 29.1848
9999.9995 28.1507
9999.9993 84.6014
10000.0000 14.0017
9999.9998 92.9833
9999.9998 91.7799
9999.9998 91.1991
9999.9998 91.5653
9999.9990 58.1980
9999.9990 59.8603
9999.9996 83.0818
9999.9995 9.2859
9999.9999 52.2439
9999.9993 77.9871
9999.9998 67.7777
9999.9995 57.0740
9999.9999 45.9218
9999.9993 87.6840
9999.9996 29.9052
9999.9996 48.5252
9999.9993 23.7663
9999.9993 14.6392
21 687.7824 99.9000
3347.3844 42.4722
3524.3517 33.8206
8185.5304 0.4647
7824.0380 3.7414
164.8506 45.3406
2560.8370 52.8480
3374.4884 40.5654
1543.7372 12.0016
8458.0505 52.4529
5800.7697 21.3919
4731.1604 67.1495
1017.1772 51.0579
9867.3259 97.4139
9224.9843 99.9000
6352.8019 74.7411
6740.8366 68.8739
8567.7471 90.8294
4701.7582 81.8104
336.6482 19.6161
9248.7814 13.9970
2966.9752 85.8179
12 9999.9993 47.8648
0.0003 89.8164
0.0008 52.0606
9999.9992 10.6580
9999.9991 9.6592
0.0005 31.6899
9999.9993 47.6369
0.0008 13.0332
0.0011 78.0533
0.0001 27.0398
9999.9992 64.3669
9999.9992 78.0650
9999.9997 72.2981
91 9999.9994 1.6650
9999.9993 46.1485
10000.0000 22.5665
9999.9991 10.3429
9999.9994 68.1374
9999.9995 14.0702
9999.9997 61.5702
9999.9991 75.0935
9999.9996 74.9430
9999.9999 54.8358
10000.0000 70.0094
9999.9995 81.9741
10000.0000 38.4423
9999.9996 25.2446
9999.9996 21.8782
9999.9994 61.2131
9999.9992 92.0626
9999.9995 41.0865
9999.9997 55.4930
9999.9998 34.6424
9999.9999 16.3540
9999.9996 82.5833
9999.9997 35.0120
9999.9995 62.8854
9999.9993 39.7162
9999.9992 64.2652
9999.9998 6.0891
9999.9998 86.6557
9999.9996 32.9163
9999.9996 78.2005
9999.9990 16.6744
9999.9994 28.8787
9999.9995 43.7442
9999.9994 54.7651
9999.9999 71.0020
10000.0000 98.2081
9999.9998 84.7478
9999.9992 55.1459
9999.9990 95.3593
10000.0000 61.4071
9999.9997 75.8858
9999.9997 18.4428
9999.9994 37.9739
9999.9995 45.4907
9999.9997 25.4027
9999.9993 17.6513
9999.9995 30.9036
9999.9997 76.2504
9999.9992 17.4967
9999.9999 68.4379
9999.9997 92.7023
9999.9999 65.7224
9999.9991 42.7904
9999.9998 38.5303
9999.9993 72.8048
9999.9999 44.8531
9999.9994 87.5049
9999.9999 76.7962
9999.9991 24.0023
9999.9992 47.3938
9999.9992 63.9643
9999.9999 41.2512
9999.9997 97.2317
9999.9992 13.1938
9999.9999 74.3918
9999.9996 82.4497
9999.9994 73.0271
9999.9997 13.6156
9999.9999 45.5006
9999.9994 62.8864
9999.9994 6.7602
9999.9994 43.6538
9999.9995 8.8328
9999.9994 17.2091
9999.9992 32.4199
9999.9997 76.1526
9999.9994 26.1152
9999.9992 2.4877
9999.9992 34.8142
9999.9992 27.1835
9999.9993 9.0434
9999.9993 10.5951
9999.9991 38.6879
9999.9993 13.0297
9999.9997 55.4994
9999.9995 65.2183
9999.9997 73.0918
9999.9998 75.7757
9999.9998 7.5523
9999.9990 6.3764
9999.9994 99.1635
9999.9999 1.6650
86 9999.9991 50.0062
0.0007 60.9382
0.0005 19.2431
0.0010 96.2657
0.0004 40.0684
0.0002 82.5298
0.0010 6.3175
0.0006 63.1281
0.0011 51.3902
0.0005 35.6697
0.0002 1.0169
0.0002 97.1171
0.0001 32.6553
0.0003 35.1678
0.0008 94.0620
0.0008 28.2904
0.0004 19.3993
0.0010 74.6971
0.0002 78.4265
0.0002 65.7126
0.0002 82.2134
0.0002 59.6255
0.0002 69.9326
0.0008 73.7728
0.0003 3.8985
0.0004 15.1935
0.0005 14.5968
0.0003 64.7305
0.0003 2.6211
0.0001 64.4875
0.0009 36.9246
0.0008 93.1159
0.0001 51.9798
0.0005 4.6748
0.0001 19.4421
0.0003 35.5040
0.0008 58.8579
0.0003 2.3380
0.0005 32.4676
0.0002 74.3054
0.0001 63.9967
0.0004 57.9316
0.0011 96.4873
0.0003 59.4886
0.0006 94.0263
0.0003 20.6456
0.0005 76.0184
0.0005 6.0331
0.0008 4.2942
0.0004 99.1838
0.0006 19.7115
0.0009 65.5748
0.0011 68.9949
0.0002 31.8145
0.0004 54.1051
0.0005 24.6355
0.0010 84.5438
0.0010 92.5975
0.0002 11.9217
0.0001 18.5664
0.0007 12.1260
0.0006 93.3509
0.0008 36.0073
0.0011 23.9078
0.0009 41.5039
0.0007 63.3425
0.0007 71.1290
0.0009 83.9334
0.0005 55.9325
0.0006 31.6455
0.0002 88.4653
0.0010 49.6404
0.0009 82.6258
0.0010 30.7460
0.0011 0.9259
0.0002 21.9437
0.0010 74.4775
0.0004 66.5081
0.0010 48.2380
0.0010 97.4887
0.0009 5.1325
0.0001 57.5198
0.0002 83.7738
0.0007 19.2273
0.0010 56.3557
0.0004 88.2869
0.0001 22.9531
87 0.0008 1.7652
8839.8652 54.8182
0.0006 76.6972
0.0010 62.1824
0.0002 12.9489
9999.9997 39.5888
0.0003 54.7864
0.0007 75.2631
0.0005 20.3271
0.0008 56.3042
0.0001 9.1545
5803.4387 86.4535
5194.6283 39.1878
6424.3841 51.8704
0.0007 53.1997
2269.6082 57.8509
2292.7387 66.2495
9999.9991 69.3394
9999.9993 27.9535
9048.9873 49.6852
0.0001 76.7519
9999.9993 24.7438
9999.9999 30.9222
0.0009 46.8394
0.0008 58.9927
0.0010 40.0423
0.0001 96.8858
4999.0797 53.3045
9999.9998 70.0395
0.0003 54.4846
7107.9400 86.7600
2496.0251 90.6309
9999.9992 65.4432
0.0001 28.0897
0.0001 37.1876
9999.9991 92.0815
9999.9991 32.4435
6099.5469 27.7317
416.4974 84.6919
0.0006 22.3019
0.0009 35.8462
0.0011 21.1085
4311.9134 9.4240
8345.2043 7.5731
5829.5960 55.7092
0.0004 36.3366
2489.2148 54.7469
0.0006 57.2870
0.0008 3.8892
9999.9995 48.6306
1714.7786 17.2151
0.0010 96.7533
9999.9994 42.0945
2108.3823 84.2782
9999.9995 80.1878
9999.9991 29.1221
9999.9997 2.6421
8360.2012 98.4985
3363.8071 86.7146
1210.7468 59.1585
9629.3824 22.3206
9999.9996 55.7926
12.4869 64.7204
9999.9998 49.3932
9471.9499 80.4234
9999.9994 74.1553
478.9024 94.8048
9999.9999 26.2229
3941.0706 62.6241
0.0004 72.1113
9999.9999 79.8607
0.0005 11.4403
9999.9998 58.6695
9999.9992 2.1810
9999.9998 6.9810
0.0005 1.7631
3861.9995 88.5046
10000.0000 17.4442
9999.9993 39.3670
9999.9993 27.6348
9999.9996 33.4780
0.0003 7.4313
0.0011 94.1472
2075.1793 24.5589
9999.9991 45.3144
1846.7907 64.8623
9999.9993 75.0399
9999.9998 13.5755
72 0.0001 49.8434
6696.7659 72.4223
8953.5924 20.1219
871.3123 30.2284
1081.5158 68.0186
6969.2960 84.6115
8466.6741 37.2131
7352.8357 85.0637
128.1380 39.9372
9588.0837 43.8119
6191.9463 34.9127
3518.1169 35.3202
5524.7870 64.3911
3847.0702 48.6832
7640.0302 46.4550
771.4390 76.9812
9789.3231 35.5465
5141.1703 98.7824
5025.4051 24.8644
3242.8696 88.5513
7556.5716 91.4715
7076.4380 8.6310
7733.7324 22.1568
3391.3485 33.5238
5292.6767 39.0262
581.6138 10.0967
1935.8919 44.5437
6063.9680 35.1345
8579.2244 31.9559
14.1021 64.3534
6863.6806 96.4834
9052.9333 95.9657
4100.8842 78.8797
264.8730 56.4277
4229.2284 55.2416
397.2667 89.9089
4547.8297 54.1619
5461.7804 32.0708
244.1829 35.4402
1819.4130 65.9776
9046.1537 39.9040
4317.4257 66.6974
1065.7869 27.1345
9909.1657 6.2990
8948.3806 89.0039
2961.3596 45.2535
9833.8480 58.1529
5574.0055 55.8448
2742.9722 21.1574
621.0399 26.9583
7103.2212 15.9687
6932.7422 88.4856
3489.2639 8.3607
643.0239 52.9137
9487.9852 6.9778
6852.1460 47.7540
1691.4035 0.9045
7603.2077 66.4231
610.5838 19.3636
8800.7840 18.5520
5628.6260 68.9652
3332.3125 39.6768
8333.6890 48.0804
6913.3178 81.2329
5125.0754 3.9869
813.6383 54.4465
7118.7161 72.3542
5433.3362 60.4845
1491.5102 17.6003
5794.2391 11.3795
1554.4732 37.2567
474.7824 90.7753
2446.8043 4.4178
48 0.0011 51.0440
9999.9991 84.2953
0.0008 14.8769
9999.9993 70.4669
9999.9998 86.6586
9999.9997 26.5963
0.0003 73.0275
0.0009 22.2150
0.0005 76.3204
9999.9995 75.2388
9999.9995 90.6203
9999.9993 81.8469
0.0010 17.6431
0.0007 88.8613
9999.9992 45.5774
0.0003 51.0440
0.0005 92.8024
0.0010 49.2097
9999.9995 77.2696
9999.9995 17.7884
0.0002 9.3019
0.0008 26.4357
9999.9994 21.3746
0.0010 85.4644
9999.9997 47.9603
0.0005 75.2066
0.0003 77.2058
0.0001 24.4558
0.0005 6.8248
9999.9993 26.8395
9999.9998 99.8920
0.0006 35.2226
9999.9992 89.1327
0.0006 97.2642
0.0004 17.3277
9999.9999 14.6688
9999.9995 22.8446
9999.9993 7.5984
0.0007 2.3701
9999.9995 93.6881
9999.9990 29.6632
9999.9993 10.9271
0.0008 58.6016
9999.9999 43.4041
0.0008 41.8468
9999.9990 96.8962
0.0006 24.6031
0.0003 23.6087
9999.9997 96.7125
100 8033.1028 88.1444
6569.8640 10.3441
5643.5934 10.3441
9167.4688 10.3441
5003.8792 10.3441
5812.1769 10.3441
1222.3851 10.3441
4099.5035 10.3441
4103.3799 10.3441
5270.1965 10.3441
7671.0023 10.3441
9397.1538 10.3441
1236.6595 10.3441
1049.0847 10.3441
2560.5878 10.3441
2447.5423 10.3441
8404.8800 10.3441
6242.4601 10.3441
5928.8103 10.3441
5592.9823 10.3441
2650.2210 10.3441
8639.2477 10.3441
491.4826 10.3441
1306.4658 10.3441
1930.1372 10.3441
2380.4775 10.3441
6739.2172 10.3441
1707.6575 10.3441
9931.4174 10.3441
5272.4329 10.3441
4283.0273 10.3441
4979.5289 10.3441
2538.4805 10.3441
9263.8335 10.3441
313.6019 10.3441
9254.3785 10.3441
271.0471 10.3441
1260.1104 10.3441
7859.9034 10.3441
2127.3143 10.3441
1214.1507 10.3441
9141.5848 10.3441
6843.8310 10.3441
846.7484 10.3441
8775.0461 10.3441
8009.1148 10.3441
3283.8357 10.3441
7502.4592 10.3441
7215.6419 10.3441
4257.1655 10.3441
389.8162 10.3441
8932.8593 10.3441
3767.2762 10.3441
704.5338 10.3441
4758.1294 10.3441
4092.4297 10.3441
7617.5863 10.3441
6716.7951 10.3441
5678.5739 10.3441
8691.1366 10.3441
6979.0348 10.3441
8904.5949 10.3441
6835.1269 10.3441
8726.4284 10.3441
6538.7217 10.3441
2892.7047 10.3441
886.2976 10.3441
2069.8160 10.3441
44.5322 10.3441
8199.4398 10.3441
2876.2344 10.3441
793.0751 10.3441
557.0348 10.3441
8296.8874 10.3441
3596.4032 10.3441
3601.5062 10.3441
6700.8914 10.3441
8909.1528 10.3441
1562.1891 10.3441
4409.5246 10.3441
9073.6224 10.3441
1599.7681 10.3441
9022.3809 10.3441
816.9514 10.3441
1890.8619 10.3441
6399.5128 10.3441
419.9217 10.3441
9869.1222 10.3441
8746.3897 10.3441
4499.0282 10.3441
7009.1055 10.3441
9561.1253 10.3441
7536.6416 10.3441
7743.1379 10.3441
6266.6200 10.3441
4954.6143 10.3441
4911.5140 10.3441
3216.0556 10.3441
8529.3870 10.3441
2220.7620 10.3441
8864.4011 10.3441
1 9853.3516 34.8935
7964.9401 34.8935
100 225.7376 64.5552
9999.9930 64.5552
9999.9982 64.5552
9999.9984 64.5552
9999.9968 64.5552
9999.9908 64.5552
9999.9985 64.5552
9999.9939 64.5552
9999.9959 64.5552
9999.9946 64.5552
9999.9927 64.5552
9999.9948 64.5552
9999.9999 64.5552
9999.9916 64.5552
9999.9992 64.5552
9999.9956 64.5552
9999.9954 64.5552
9999.9955 64.5552
9999.9910 64.5552
9999.9953 64.5552
9999.9935 64.5552
9999.9957 64.5552
9999.9962 64.5552
9999.9944 64.5552
9999.9945 64.5552
9999.9912 64.5552
9999.9909 64.5552
9999.9915 64.5552
9999.9958 64.5552
10000.0000 64.5552
9999.9965 64.5552
9999.9998 64.5552
9999.9943 64.5552
9999.9994 64.5552
9999.9971 64.5552
9999.9988 64.5552
9999.9904 64.5552
9999.9903 64.5552
9999.9901 64.5552
9999.9936 64.5552
9999.9974 64.5552
9999.9951 64.5552
9999.9914 64.5552
9999.9913 64.5552
9999.9986 64.5552
9999.9924 64.5552
9999.9920 64.5552
9999.9987 64.5552
9999.9933 64.5552
9999.9929 64.5552
9999.9928 64.5552
9999.9923 64.5552
9999.9997 64.5552
9999.9976 64.5552
9999.9983 64.5552
9999.9960 64.5552
9999.9926 64.5552
9999.9995 64.5552
9999.9966 64.5552
9999.9934 64.5552
9999.9925 64.5552
9999.9964 64.5552
9999.9937 64.5552
9999.9918 64.5552
9999.9990 64.5552
9999.9942 64.5552
9999.9947 64.5552
9999.9993 64.5552
9999.9981 64.5552
9999.9989 64.5552
9999.9952 64.5552
9999.9940 64.5552
9999.9941 64.5552
9999.9931 64.5552
9999.9905 64.5552
9999.9902 64.5552
9999.9906 64.5552
9999.9922 64.5552
9999.9961 64.5552
9999.9938 64.5552
9999.9911 64.5552
9999.9949 64.5552
9999.9980 64.5552
9999.9963 64.5552
9999.9969 64.5552
9999.9975 64.5552
9999.9991 64.5552
9999.9977 64.5552
9999.9973 64.5552
9999.9978 64.5552
9999.9921 64.5552
9999.9967 64.5552
9999.9919 64.5552
9999.9979 64.5552
9999.9917 64.5552
9999.9907 64.5552
9999.9970 64.5552
9999.9996 64.5552
9999.9972 64.5552
9999.9950 64.5552
9999.9932 64.5552
2 30.0000 65.4321
0.0001 50.0000
100.0000 99.9000
70 9999.9997 99.2431
0.0001 35.5347
0.0004 59.2205
0.0006 50.7433
9999.9990 4.8442
0.0006 96.2860
0.0007 15.2547
0.0008 67.9181
9999.9993 17.5735
9999.9990 11.8167
9999.9999 80.1852
0.0001 99.4982
9999.9998 47.6576
9999.9990 58.7996
9999.9995 72.5826
9999.9994 40.4192
9999.9991 11.6443
9999.9998 91.2764
0.0004 17.0199
9999.9992 67.3608
0.0009 85.3426
9999.9999 89.2825
0.0011 84.7121
0.0009 55.0648
9999.9997 69.6313
0.0009 98.0318
0.0004 17.8717
9999.9999 43.3877
0.0010 57.8558
9999.9999 37.7981
9999.9991 21.3700
9999.9999 28.9187
0.0008 82.4203
0.0006 51.1768
9999.9994 50.2231
9999.9994 91.4363
0.0002 79.2750
9999.9992 79.4873
0.0005 86.1904
0.0008 4.5142
0.0009 64.0989
10000.0000 50.0589
9999.9997 83.8378
0.0001 49.3658
9999.9995 98.5847
9999.9990 31.2926
9999.9995 21.4215
9999.9999 32.0658
0.0006 40.7690
9999.9990 14.5254
0.0001 16.7210
9999.9992 80.0699
0.0007 25.6328
0.0008 92.4134
0.0005 63.9653
0.0003 73.6619
0.0006 71.7270
0.0008 24.2543
0.0004 14.2177
10000.0000 52.3198
0.0009 38.1559
9999.9992 11.3370
9999.9996 17.5568
0.0009 18.7382
0.0002 11.5801
0.0007 58.9417
9999.9998 95.6106
0.0007 25.2549
9999.9990 87.2022
9999.9992 52.7354
10000.0000 8.9682
1 1679.7611 36.5186
1052.6009 36.5181
48 0.0005 85.9148
0.0006 7.0308
0.0007 98.8917
0.0004 76.9589
0.0007 14.3047
0.0005 49.4234
0.0002 65.7011
0.0009 83.7582
0.0009 37.9993
0.0007 2.3714
0.0003 3.3112
0.0002 99.7974
0.0006 11.7020
0.0009 0.3066
0.0005 64.9679
0.0004 33.9471
0.0011 85.9148
0.0002 10.8728
0.0007 81.9492
0.0003 12.0572
0.0001 76.8926
0.0007 96.3554
0.0010 67.5943
0.0009 86.0147
0.0005 9.6324
0.0011 59.0769
0.0004 56.7307
0.0008 2.9484
0.0003 13.6807
0.0005 82.1808
0.0005 1.1885
0.0002 35.2133
0.0009 55.1202
0.0011 79.7571
0.0006 39.8278
0.0008 41.6730
0.0002 57.5277
0.0002 86.1168
0.0010 12.5962
0.0010 81.5211
0.0005 73.6751
0.0006 53.5689
0.0002 7.6963
0.0011 92.7494
0.0006 25.5290
0.0004 32.0021
0.0010 12.5958
0.0004 64.0753
0.0003 28.4252
58 0.0011 98.1718
0.0003 89.3650
9999.9994 6.4870
9999.9992 37.2587
9999.9996 68.7306
5210.5176 50.2258
0.0005 76.5620
2619.9040 93.6540
9999.9994 65.3513
9999.9991 38.6270
0.0006 74.8967
7256.7154 48.3488
7661.7083 91.5590
6217.0163 84.2947
0.0002 57.5016
0.0010 25.6832
0.0005 28.2052
9999.9991 9.4537
0.0003 15.2514
0.0007 48.5618
5388.6344 23.1523
2928.7377 82.2276
0.0009 59.0716
6931.9222 93.4613
0.0007 34.3899
0.0006 92.3605
0.0011 30.1157
0.0004 20.3061
9999.9991 98.3922
9999.9994 3.9968
8269.5662 3.6672
7171.0811 70.1227
9999.9993 67.2877
9999.9998 75.6047
5630.5671 52.1724
9999.9991 17.6149
9999.9991 52.3499
1358.2256 21.8489
0.0008 59.4732
8762.1823 47.7634
9999.9994 76.0130
0.0002 23.2226
9999.9991 1.2444
683.5441 72.5828
7146.3857 47.9197
4441.0785 17.8519
9999.9997 25.8982
0.0002 67.7082
0.0010 61.1287
0.0008 90.4314
5106.2152 14.8605
9999.9995 34.2779
8026.0551 83.5700
9999.9993 68.6202
1414.8407 9.0344
0.0009 73.1776
9999.9998 45.0658
9999.9996 34.0129
9999.9996 32.2884
38 10000.0000 50.0977
3291.1725 69.8788
3489.0670 63.8189
1497.1240 77.6782
6232.1372 10.9390
7319.1611 60.9997
871.9832 84.5496
7247.8068 46.0779
3979.7227 63.9891
7607.8345 0.3831
4130.0129 5.1680
8629.9103 40.4378
4357.1115 45.5007
5285.2187 99.0378
3778.8746 88.5104
1357.9015 84.9920
9801.6040 80.1133
9049.2673 6.4761
5910.7908 36.0693
9177.0117 51.4618
3800.7561 85.7283
1910.0918 95.5897
7185.8539 59.8660
1819.9647 82.2330
2692.7555 87.1999
948.9085 99.8123
3806.6842 14.8494
8925.3057 46.7935
4312.7273 22.0543
9902.7699 49.6428
7089.1611 91.7062
7335.0192 31.9327
6878.3324 21.7454
6218.7650 4.8650
7028.2525 30.3353
1688.9851 35.7800
2739.4885 63.0793
8558.9002 1.6717
2685.2483 12.4569
100 3798.1713 43.1363
4673.3624 95.4230
4495.6524 93.7148
757.4494 93.8635
7245.1529 2.9257
3308.8753 91.8363
1308.2200 96.6620
5231.2466 7.9832
193.4046 8.3881
9341.3590 6.4673
8004.6066 97.4582
3306.6243 4.4154
92.1836 92.5569
8904.0622 4.3807
2013.7796 10.0173
2623.8316 6.0784
3600.2007 2.2462
703.1481 95.3192
7651.0193 9.7005
5946.8942 95.2627
2619.8449 9.4431
8106.0066 6.9078
4581.5846 91.0038
124.0445 3.5781
9293.4687 1.8500
5931.7738 4.2828
125.4106 5.3408
994.5714 0.7411
5659.4236 5.2957
1795.9078 7.7474
475.9228 1.2780
754.9162 95.9890
7983.7429 9.6651
8096.0240 0.9005
7187.4503 5.6538
330.7159 3.7557
6990.7360 89.9624
2748.3801 2.1407
2093.1924 0.7407
5658.9300 3.5841
4286.7677 99.3729
3719.7287 1.9906
1445.0361 4.8191
156.9560 99.8918
1459.4122 8.2008
6013.4125 91.2001
2332.8000 7.4702
7920.8415 93.3491
6488.8022 98.4871
9230.5671 9.9321
6875.8878 0.2239
9881.4624 2.4994
5170.1422 98.2899
1020.8618 98.5525
4792.8379 9.2395
5567.8786 99.6844
1134.1067 0.4374
2859.5990 2.7229
4044.1034 3.2400
1883.5894 94.3717
6345.0686 9.4848
3555.3108 97.9970
1303.1206 91.4734
9953.8073 0.8870
5662.4881 95.8929
5697.0816 90.6712
515.6188 98.7544
6202.0978 7.9332
4282.4399 96.1517
3983.7571 96.2471
9832.4858 96.0492
8175.9340 94.8485
6246.1920 3.3411
4794.3629 94.0426
7301.8412 4.8747
8183.6268 94.1796
9135.3815 95.9115
9067.8831 98.2582
2600.6153 3.4297
3596.0539 91.0936
4404.5958 97.3544
9513.1810 6.0169
7770.8400 2.9236
2632.1805 96.9920
3828.6568 0.2725
8097.5969 6.1061
9070.4807 1.4331
4338.8773 98.6608
2600.0349 92.3935
5700.7450 3.5752
7451.2461 96.9399
4733.5172 9.8616
1559.2818 4.7323
1113.5408 4.2474
726.2424 99.5566
2909.8921 99.4355
5565.7257 96.3506
2510.8074 1.8614
1035.7945 0.7333
2841.4905 1.5161
4257.5637 98.4408
37 1742.0284 0.7345
9254.9301 1.2942
7303.4601 0.4781
7496.0071 2.0832
9407.4661 94.3722
6766.2990 96.0218
9340.8541 1.3366
7721.2591 97.7693
5640.1132 91.6153
4035.2231 5.4482
8392.1032 98.9688
2353.6465 6.3554
849.5782 2.5619
571.7820 6.3783
7346.6445 0.9894
7986.3897 4.8374
6409.7062 5.6432
3169.0479 90.5807
6660.8404 4.9297
4640.8082 6.7120
1056.5743 99.2838
4599.1521 10.0090
7616.2095 97.6729
7762.9724 8.5797
6868.6087 1.5027
664.0456 2.2878
5181.5104 89.9325
2679.5911 9.9004
4507.3198 9.4082
493.0890 4.9632
6843.5044 3.2298
6630.8219 2.9470
382.2059 9.0880
6869.8631 98.3384
8725.5468 2.7761
4275.8024 4.5053
389.7808 3.6974
9916.2969 92.4391
86 0.0008 9.4542
3538.7948 33.3212
9999.9990 33.3383
0.0005 41.6108
0.0003 22.2342
0.0005 19.6530
2676.8222 0.4665
0.0003 36.7430
9999.9999 25.9939
9999.9999 61.4327
0.0005 49.8780
3789.8104 10.9282
9999.9999 5.2817
0.0009 1.6528
9999.9992 45.2472
9999.9994 41.5822
9999.9991 5.2938
2859.5459 2.2977
0.0009 91.6940
7749.5963 10.1668
0.0009 68.7527
0.0002 68.7356
9999.9996 41.4027
9999.9996 17.2047
0.0003 66.3198
6459.6667 50.9685
961.2120 41.6463
9999.9992 72.3858
0.0007 15.0153
9999.9991 58.6681
2804.1100 30.3628
2233.2458 91.0217
9999.9994 25.4442
0.0003 63.9881
275.9991 6.0638
5769.2635 62.0462
0.0007 50.2351
9999.9993 32.8616
7347.5230 18.6892
5921.0804 88.8716
0.0008 13.9112
0.0001 43.6729
2626.4088 33.3589
9999.9993 84.3289
0.0004 19.0046
0.0011 16.1026
9999.9997 16.0345
0.0006 77.9423
0.0010 73.4701
6710.2058 30.1535
9999.9993 46.4811
2900.5337 25.7773
6892.6822 19.6525
9999.9995 8.0673
6113.7422 64.9510
2561.7467 52.7978
0.0007 66.6169
0.0003 40.8748
2273.3017 83.3429
9999.9993 54.3713
9999.9995 46.2094
0.0002 18.1247
4984.5905 68.0332
9999.9992 1.1869
0.0005 34.7547
0.0006 77.8430
9999.9999 85.5673
0.0009 63.2608
9999.9996 30.9159
1897.1581 71.1845
618.0544 91.3700
516.6077 1.0630
6113.5788 44.1173
9999.9991 52.4425
9999.9994 4.7030
9999.9996 75.7277
3113.9518 55.6797
9999.9996 4.2685
0.0007 44.2258
0.0007 69.6375
119.2139 32.1574
0.0005 17.8670
9999.9992 97.0315
1428.4388 97.7508
9393.3422 42.8692
9999.9996 9.4542
0.0003 84.7017
2 0.0001 77.2831
0.0001 97.3911
0.0001 57.1751
14 9999.9992 85.5231
9999.9993 58.2531
9999.9990 21.2005
9999.9996 86.7245
9999.9991 84.9515
9999.9994 26.9963
9999.9999 85.5231
9999.9992 8.3119
9999.9999 88.9198
9999.9997 25.8789
9999.9991 32.0704
9999.9999 75.4580
9999.9993 76.8554
9999.9990 33.5708
9999.9991 7.2146
2 0.0001 0.1001
0.0001 0.1000
0.0001 0.1003
58 9999.9994 88.8186
0.0003 20.2256
0.0009 14.1885
0.0008 44.9737
9999.9996 73.4229
9999.9991 68.0523
9999.9994 16.1409
9999.9993 20.6275
0.0004 89.7938
9999.9993 29.5861
0.0004 39.9749
0.0007 4.1978
0.0002 27.5713
0.0004 88.8186
9999.9992 19.8899
0.0011 44.4393
9999.9992 56.1163
0.0002 68.2346
9999.9997 82.5150
9999.9996 76.2540
0.0004 14.6052
9999.9994 37.6792
0.0005 14.8503
10000.0000 39.4695
9999.9994 82.5533
0.0005 20.3484
0.0006 32.8178
9999.9991 9.3997
9999.9999 18.7242
0.0007 68.9765
0.0009 75.6200
9999.9995 63.7200
0.0007 13.4769
0.0010 64.1098
9999.9990 8.6537
0.0010 27.5814
9999.9999 78.7909
9999.9993 78.6717
0.0008 77.2981
9999.9996 15.5956
0.0010 21.6445
9999.9994 52.8468
0.0003 45.1224
9999.9998 24.1995
10000.0000 80.1273
0.0006 96.2504
9999.9992 61.4345
9999.9996 34.1930
9999.9999 80.8140
0.0002 56.4208
9999.9990 71.1077
9999.9994 11.1410
0.0008 32.2498
9999.9997 34.8859
0.0006 47.3920
0.0001 61.4872
0.0007 16.1670
0.0007 19.2931
9999.9996 45.6005
100 8626.8068 35.0957
0.0068 35.0957
0.0043 35.0957
0.0011 35.0957
0.0070 35.0957
0.0015 35.0957
0.0066 35.0957
0.0041 35.0957
0.0064 35.0957
0.0077 35.0957
0.0100 35.0957
0.0067 35.0957
0.0050 35.0957
0.0046 35.0957
0.0007 35.0957
0.0055 35.0957
0.0042 35.0957
0.0092 35.0957
0.0016 35.0957
0.0008 35.0957
0.0051 35.0957
0.0081 35.0957
0.0004 35.0957
0.0073 35.0957
0.0037 35.0957
0.0003 35.0957
0.0044 35.0957
0.0014 35.0957
0.0049 35.0957
0.0025 35.0957
0.0085 35.0957
0.0078 35.0957
0.0071 35.0957
0.0059 35.0957
0.0079 35.0957
0.0061 35.0957
0.0056 35.0957
0.0097 35.0957
0.0088 35.0957
0.0006 35.0957
0.0084 35.0957
0.0026 35.0957
0.0024 35.0957
0.0035 35.0957
0.0060 35.0957
0.0012 35.0957
0.0075 35.0957
0.0020 35.0957
0.0019 35.0957
0.0069 35.0957
0.0028 35.0957
0.0040 35.0957
0.0099 35.0957
0.0083 35.0957
0.0065 35.0957
0.0045 35.0957
0.0058 35.0957
0.0034 35.0957
0.0096 35.0957
0.0091 35.0957
0.0098 35.0957
0.0072 35.0957
0.0002 35.0957
0.0029 35.0957
0.0063 35.0957
0.0022 35.0957
0.0013 35.0957
0.0023 35.0957
0.0038 35.0957
0.0052 35.0957
0.0054 35.0957
0.0076 35.0957
0.0086 35.0957
0.0057 35.0957
0.0047 35.0957
0.0030 35.0957
0.0001 35.0957
0.0010 35.0957
0.0095 35.0957
0.0018 35.0957
0.0017 35.0957
0.0094 35.0957
0.0090 35.0957
0.0005 35.0957
0.0089 35.0957
0.0031 35.0957
0.0093 35.0957
0.0087 35.0957
0.0039 35.0957
0.0033 35.0957
0.0048 35.0957
0.0082 35.0957
0.0062 35.0957
0.0080 35.0957
0.0032 35.0957
0.0036 35.0957
0.0074 35.0957
0.0009 35.0957
0.0021 35.0957
0.0027 35.0957
0.0053 35.0957
2 100.0000 65.1586
0.0001 65.1587
99.9999 65.1586
44 0.0010 1.9883
0.0009 69.9289
0.0004 32.2587
0.0008 10.7872
0.0008 61.0907
0.0001 48.8102
0.0005 41.6261
0.0004 73.9218
0.0009 94.1698
0.0004 86.0101
0.0002 23.1762
0.0008 62.8598
0.0005 79.7835
0.0002 58.5362
0.0008 90.5733
0.0004 16.3475
0.0005 75.2064
0.0002 54.7697
0.0004 67.3273
0.0009 37.0154
0.0010 90.9609
0.0001 23.4142
0.0008 29.5415
0.0003 16.5121
0.0003 89.4483
0.0006 20.6791
0.0009 20.5904
0.0002 67.0267
0.0010 79.8528
0.0010 75.2640
0.0009 80.4978
0.0006 43.7270
0.0003 98.0174
0.0002 12.4084
0.0002 12.7589
0.0002 25.2282
0.0003 14.4924
0.0001 25.2988
0.0010 89.0613
0.0004 10.8295
0.0005 31.7018
0.0008 66.5728
0.0006 81.1627
0.0009 1.9858
0.0008 7.0013
44 0.0002 91.8394
9999.9999 7.7524
9999.9999 24.7120
9999.9994 90.8648
9999.9991 53.8766
9999.9996 77.5891
9999.9992 59.5798
9999.9998 87.1058
9999.9999 75.6601
9999.9999 10.2253
9999.9996 54.6100
9999.9991 78.8519
9999.9993 30.2472
9999.9993 40.0598
9999.9999 2.6810
9999.9996 11.7044
9999.9999 23.8089
9999.9994 62.0716
9999.9998 27.9911
9999.9991 29.5347
9999.9990 96.9477
9999.9996 12.7239
9999.9998 91.8394
9999.9990 58.9480
9999.9996 74.2660
9999.9994 46.0862
9999.9991 92.8213
9999.9995 99.1158
9999.9996 14.8092
9999.9992 47.0637
9999.9997 59.3672
9999.9998 24.2245
10000.0000 9.9695
9999.9991 13.9588
9999.9996 13.0406
9999.9996 18.8564
9999.9996 33.2905
9999.9997 39.6043
9999.9990 18.0291
9999.9994 95.4949
9999.9999 62.1905
9999.9994 96.4404
9999.9998 53.2603
9999.9996 89.6829
9999.9999 20.5358
8 0.0003 12.2722
9999.9993 30.5721
9999.9999 24.4880
0.0002 32.9904
9999.9997 12.2542
0.0010 61.0961
0.0010 23.1760
9999.9997 81.7671
0.0007 45.1625
17 9999.9998 91.8126
9999.9995 91.8124
10000.0000 52.3856
10000.0000 80.5156
9999.9996 46.6106
10000.0000 82.9765
9999.9999 90.5907
9999.9991 50.4855
10000.0000 9.4427
9999.9994 76.0496
9999.9992 22.3430
9999.9992 1.7065
9999.9999 65.5501
9999.9999 7.0968
9999.9998 50.6469
9999.9997 18.1142
9999.9995 78.2307
9999.9997 46.9580
2 100.0000 88.3983
99.9999 88.3984
0.0001 88.3983
66 0.0003 97.0777
0.0007 72.5733
0.0004 37.5356
0.0006 29.3222
0.0011 25.1668
0.0002 67.2317
0.0010 79.1086
0.0002 52.7774
0.0009 44.5870
0.0007 91.2374
0.0003 52.5265
0.0004 57.6428
0.0002 10.2985
0.0004 17.2429
0.0007 95.3051
0.0010 83.7735
0.0005 47.9437
0.0011 74.7823
0.0006 86.7387
0.0007 70.2417
0.0006 19.5877
0.0006 83.9151
0.0006 13.2407
0.0004 40.4915
0.0003 56.8720
0.0002 79.2917
0.0004 73.4948
0.0002 86.2755
0.0005 9.3961
0.0002 1.3583
0.0003 72.7550
0.0004 80.8871
0.0002 24.8846
0.0002 30.4486
0.0006 18.7984
0.0004 63.8753
0.0004 1.5493
0.0003 9.1739
0.0008 50.5766
0.0006 19.4933
0.0011 58.9416
0.0010 39.1949
0.0007 2.8146
0.0004 0.1647
0.0006 60.5397
0.0008 26.0601
0.0010 93.2138
0.0010 74.7854
0.0006 28.4512
0.0003 64.6470
0.0009 26.9746
0.0008 0.4109
0.0003 91.2758
0.0007 29.2228
0.0009 44.2327
0.0008 9.5773
0.0008 97.8644
0.0010 81.3531
0.0003 38.3399
0.0005 86.5564
0.0003 15.9916
0.0004 34.1366
0.0007 14.5782
0.0008 65.3666
0.0008 28.9668
0.0003 86.1150
0.0010 75.7000
1 10.0000 50.0000
0.2000 50.0000
57 0.0005 99.4039
0.0005 64.6357
9999.9994 93.6219
0.0003 45.1539
9999.9997 43.1987
9999.9995 47.5705
10000.0000 28.6492
9999.9998 92.6838
0.0007 61.9226
0.0006 67.8245
9999.9991 84.6781
0.0003 30.3314
0.0002 10.3837
9999.9995 7.0323
9999.9994 42.7963
9999.9991 92.5035
9999.9999 7.6764
0.0006 78.5291
9999.9993 68.9380
0.0006 98.8863
9999.9996 33.9572
9999.9996 8.1681
0.0002 38.8759
0.0006 23.2588
9999.9994 43.3677
9999.9996 30.4010
0.0003 35.9159
9999.9993 60.4441
0.0003 37.2593
0.0002 12.1566
0.0005 93.4327
9999.9992 67.4132
0.0004 26.7214
9999.9997 8.2335
0.0005 91.3844
0.0008 44.5607
0.0004 38.0386
0.0007 61.3890
9999.9999 45.8490
0.0004 31.1463
0.0003 71.0366
0.0011 42.8626
0.0009 92.1207
0.0002 62.3274
9999.9994 90.5950
9999.9994 82.4938
9999.9992 77.1378
9999.9990 20.3471
9999.9999 72.9040
9999.9995 61.1980
10000.0000 99.8723
9999.9992 48.8137
0.0005 24.1818
9999.9999 38.8186
0.0003 34.9129
0.0002 60.0360
0.0005 62.2124
9999.9997 79.1817
75 9952.6700 97.2367
5224.6373 92.6691
5242.2229 91.3211
2822.9762 96.4899
7229.4656 99.4251
3302.7325 9.8712
7375.4249 91.9252
6095.2169 92.6103
8746.4826 93.3220
8746.5831 7.2945
7566.8816 7.3785
1083.9991 0.7514
1880.4830 9.1068
8193.0334 10.0783
9547.0520 98.1897
4033.9844 9.7971
9440.4752 0.7207
8904.6565 96.2840
884.9574 96.2694
5998.3851 5.5852
5068.8669 1.3796
5794.2173 7.4430
4970.3384 90.1272
2284.2960 90.7208
8255.9114 99.5407
7249.7221 96.7313
6697.8978 94.5606
1833.8071 5.0870
171.1414 92.5707
8393.7917 97.3490
6648.5904 7.2421
5684.4445 7.1831
5883.6963 96.3186
4778.6832 91.2513
3114.5726 6.1377
1200.3373 99.5215
8424.9548 5.1607
351.7697 4.1189
3726.7070 1.7455
9600.7052 0.6305
3174.2888 2.1002
9259.4333 4.7307
8315.4446 92.2875
6202.4627 1.3050
6997.6043 92.0206
1211.4085 90.2551
6818.3953 94.4909
9245.9002 3.8128
9573.6396 97.7583
2216.5095 92.3752
3882.0620 98.1526
5451.8620 96.7628
9334.6293 90.2948
7082.5168 1.1827
5779.5528 90.2095
6302.7653 9.0786
9501.9129 99.4327
4537.4937 0.6537
39.7279 1.9794
2083.3151 7.8097
8587.6340 94.4038
4400.3825 4.5316
9548.2927 90.2489
5913.0033 95.8006
5817.0550 7.0117
7441.7931 9.6414
9789.0695 9.8036
2841.5756 92.5798
0.4020 93.7570
4713.0774 98.3830
159.3546 95.5213
387.9737 91.1125
4730.9938 1.4932
3944.0231 4.7970
8716.2098 4.0125
4351.4157 99.6248
54 0.0003 97.9598
9999.9992 32.9986
9999.9994 42.7716
9999.9992 78.5646
10000.0000 98.3081
9999.9993 75.0465
9999.9997 41.6827
9999.9991 64.5645
10000.0000 75.5012
9999.9992 4.1943
9999.9997 42.6330
9999.9998 15.2266
9999.9992 73.7158
9999.9995 79.8661
9999.9991 23.0771
9999.9994 89.5972
9999.9992 98.0337
10000.0000 80.0487
9999.9991 13.8621
9999.9997 60.1611
9999.9997 93.5347
9999.9995 78.9407
9999.9991 78.6409
9999.9991 61.3758
9999.9994 63.7369
9999.9991 46.6951
9999.9995 25.6733
9999.9994 26.0235
9999.9995 45.6516
9999.9992 63.3457
9999.9996 0.6765
9999.9996 85.7840
9999.9993 28.8726
9999.9996 1.1004
9999.9995 78.2577
9999.9996 14.9639
9999.9994 63.5508
9999.9994 46.7808
9999.9995 51.1123
9999.9991 72.7200
9999.9992 11.3149
9999.9993 25.0153
9999.9993 73.9528
9999.9991 91.8767
9999.9997 81.2098
9999.9994 1.2636
9999.9998 10.2642
10000.0000 55.0178
9999.9995 81.4498
9999.9996 30.7652
9999.9991 15.3002
9999.9993 55.5016
10000.0000 95.0170
9999.9998 71.6242
9999.9998 48.5958
2 59.1081 96.8236
85.9566 98.5488
45.9915 93.5993
74 1903.3607 0.1000
6396.9638 58.7480
5773.1153 49.9482
1220.8783 60.2607
1742.2078 93.2211
8220.4106 43.1225
9396.3523 1.7719
8041.9157 64.5633
1083.4009 68.8687
5041.5202 85.1152
4250.3901 15.7721
701.9012 24.5877
1686.1785 12.8360
4840.8437 39.1801
3280.7242 6.4996
5252.4660 91.0403
1021.7391 30.7916
3990.1071 54.1429
9285.5632 54.2710
9445.4908 36.3153
1205.1686 14.1630
9639.5226 9.0670
9537.2337 37.5042
4498.2856 96.3675
8008.7461 43.1538
1409.7581 36.4367
543.3016 97.6180
5312.8013 63.5441
7956.2721 34.1364
8208.8445 68.4497
3102.8802 23.9638
9783.6957 13.0474
5199.1657 85.3518
1541.3577 18.6905
9592.8479 56.3332
2384.5880 0.3603
253.5174 14.4367
517.6554 49.6735
4939.4837 66.0627
5342.4876 76.6376
169.2527 48.5073
4886.4098 26.1901
2183.1707 97.8012
3801.2077 84.7489
5500.3843 92.7927
7028.5534 43.1770
8323.5965 63.1020
7932.6841 14.5840
8384.5902 26.1733
9817.0153 91.0980
5750.6199 58.2752
2304.4664 92.4607
2050.3944 77.1673
3276.9564 81.1035
7388.3043 45.0511
739.1109 50.2335
8244.3252 55.0119
4837.0512 28.6561
7183.9082 87.7206
8834.3935 48.5747
7096.1935 98.1735
5477.3643 67.6541
8644.6782 28.7312
9869.6857 42.5174
9212.4998 2.4685
971.4131 53.3092
7957.7383 54.2876
1048.9241 80.9139
3495.7788 42.5584
3315.9614 79.9190
6386.0625 3.3314
4512.8384 89.5826
6111.6094 69.3509
3099.0692 43.9488
5472.8838 76.8093
100 4541.7700 57.6929
0.0002 97.3859
9999.9997 5.2192
9999.9993 97.4481
0.0004 90.2900
9999.9998 2.5851
9999.9999 90.7837
0.0002 0.9989
9999.9993 96.6389
9999.9998 98.8513
9999.9994 5.9454
0.0011 5.8167
0.0002 5.6730
0.0010 3.0838
0.0003 8.9628
9999.9994 94.3406
0.0006 1.7573
0.0010 5.3872
9999.9995 90.0177
0.0005 3.2960
0.0007 9.4335
9999.9998 96.4783
9999.9990 7.9999
0.0001 4.3378
0.0004 6.2787
9999.9991 91.0209
0.0011 90.8145
9999.9997 99.3828
0.0003 2.2906
9999.9990 9.3385
0.0005 97.1189
0.0010 96.4965
0.0004 7.5372
0.0007 98.7945
9999.9995 5.0769
0.0002 2.0700
0.0006 9.6981
0.0007 99.3931
9999.9993 98.8651
9999.9993 7.3192
9999.9997 98.9522
9999.9992 3.6573
9999.9992 96.9855
9999.9995 3.4091
9999.9994 98.5624
9999.9990 9.7019
10000.0000 1.6326
0.0006 9.5775
9999.9999 3.3436
0.0008 95.3379
9999.9992 96.6232
0.0008 96.9829
9999.9998 6.1582
9999.9995 1.4349
0.0010 7.0534
0.0009 3.9337
0.0007 97.8349
9999.9995 94.4941
0.0011 90.5962
9999.9997 93.9609
10000.0000 1.1384
0.0005 96.7530
0.0009 3.4625
0.0006 94.1054
9999.9998 96.8036
0.0002 1.0545
0.0002 5.6199
9999.9995 98.9754
9999.9999 7.3868
9999.9991 96.2418
0.0008 2.4033
0.0002 6.8946
9999.9997 3.9487
9999.9996 8.5828
0.0005 8.7903
0.0003 96.3266
9999.9999 95.6315
0.0004 7.4697
9999.9997 99.5988
9999.9994 91.5664
0.0002 97.6146
9999.9995 91.1203
0.0007 96.8119
0.0002 1.6085
9999.9996 93.3556
9999.9994 97.0615
9999.9993 90.1899
0.0004 5.2842
9999.9995 8.3732
9999.9999 96.2066
9999.9991 4.1202
0.0010 95.8674
0.0007 9.1974
9999.9991 99.7026
0.0009 1.4677
0.0002 93.9199
0.0001 6.0731
0.0008 96.3829
0.0002 4.6217
9999.9995 5.5480
9999.9993 92.8661
87 6908.5022 0.1683
992.5050 93.7903
4540.7087 3.0017
1157.4094 9.8030
7040.0258 6.9286
4780.6690 95.0263
8291.5583 93.4899
8336.9657 6.9018
8859.6163 91.4499
973.7486 99.3567
4794.6358 90.8297
9330.0553 97.1135
3687.6618 0.4118
361.5879 3.5278
5746.4485 98.1357
9427.9431 1.1506
4998.6839 0.1694
3084.5545 95.1534
7262.8393 0.2370
3937.2538 6.2164
9540.3061 99.5757
2046.8290 94.0534
9884.2013 6.1908
9920.5470 6.1399
8772.1971 7.4009
4570.0089 8.4699
1119.3075 97.7857
3401.9040 91.4303
9343.5904 0.6991
8974.1114 3.3744
702.7729 97.7585
5971.0910 4.0518
4765.5774 1.9504
6009.0708 91.4024
986.5744 93.6866
8291.2086 3.9692
4783.4735 9.0349
1899.1818 91.5968
9227.8204 95.9534
4511.2955 92.1457
2740.2893 93.7194
1068.9034 5.7549
6888.8669 5.9010
8931.6292 2.5242
3192.4184 2.1820
6822.6876 0.5201
6106.6280 2.7522
7196.5223 3.5965
3956.7053 1.5770
9021.7402 0.1729
1221.6447 9.8540
4914.6746 97.5833
6738.1927 93.1723
9854.9983 9.4288
2790.9633 97.4380
8214.9368 91.5863
1884.9823 9.8773
9851.2677 7.4583
1816.3961 92.4930
9408.3499 92.3880
1193.9295 3.5277
8427.0608 89.9917
9509.7281 6.5549
6615.3088 92.4036
3269.1753 0.6368
5347.1894 99.2257
1603.6136 94.0491
3757.8858 94.7986
7470.8305 96.3173
5692.3901 8.4002
7030.8684 91.6613
3466.2415 8.0522
4830.8702 6.8891
9299.0121 93.9413
5022.0712 91.4633
3700.4765 93.0222
1775.2824 9.5979
7699.6076 6.2444
3708.1682 2.3066
6223.3496 9.6468
4930.9860 93.4811
619.6298 1.4638
8323.0344 1.6204
763.5189 0.1074
7117.7152 91.5287
7620.4915 94.7854
3581.2447 98.4484
9914.2606 97.9924
2 5.0000 99.9000
30.0000 99.8999
20.0000 99.7000
76 9999.9997 50.7839
9999.9998 92.4421
4506.9410 25.5867
0.0002 57.4397
4393.1861 30.2386
0.0002 59.6234
0.0003 27.0931
0.0004 2.5296
5497.0679 84.4021
0.0005 10.2503
0.0001 37.7629
1261.5571 45.5901
8032.3710 12.6054
5056.6022 11.4610
7634.0905 85.3966
3590.2272 37.7412
0.0003 72.2102
7564.8543 21.7066
9999.9997 65.6475
10000.0000 95.9678
9999.9995 75.7958
9999.9996 90.6884
0.0003 54.8910
0.0006 35.2613
0.0006 59.3685
8946.6133 26.7762
2821.7060 10.8024
9999.9996 47.4912
1953.2575 32.3719
9999.9993 71.6827
0.0009 93.2561
4003.3038 98.0330
9999.9992 41.9830
0.0007 62.7738
9999.9999 44.4696
0.0007 30.0753
0.0003 94.0733
0.0001 66.4524
0.0010 5.6945
9999.9995 34.6059
9999.9994 12.0483
0.0011 76.9504
9431.1323 95.3155
1259.0837 42.3746
9999.9997 36.5243
0.0009 2.2714
9999.9999 48.5363
2342.9332 31.3083
0.0009 56.2335
10000.0000 57.5267
9999.9991 82.6599
0.0011 59.3811
0.0008 96.5442
7046.4477 85.4175
9999.9997 90.4376
9999.9992 82.0806
1869.2290 52.8677
4927.9124 13.0402
7787.3711 31.7807
0.0002 70.0447
0.0009 39.8333
5979.0657 20.9408
9999.9994 63.1112
9133.4085 20.3527
9999.9992 41.2831
9999.9990 29.0605
9999.9992 97.9504
6331.7747 30.3792
0.0010 84.9228
0.0010 59.9981
9999.9992 21.2082
9999.9992 0.5323
5661.9618 83.4701
4180.1182 7.6772
9999.9999 94.4519
1068.8539 72.3037
9999.9999 16.5177
42 10000.0000 99.2826
9999.9990 65.6071
9999.9995 99.2207
9999.9995 89.2178
9999.9990 32.6584
9999.9992 19.0832
9999.9994 51.0234
9999.9999 32.9472
9999.9992 64.7614
9999.9999 63.9859
9999.9993 62.2156
9999.9996 55.4010
10000.0000 11.6723
10000.0000 98.5572
9999.9992 61.4752
9999.9993 95.4733
9999.9998 7.1629
9999.9997 17.1523
9999.9995 39.4043
10000.0000 98.0654
9999.9992 60.0808
9999.9991 55.5820
9999.9994 75.8097
9999.9994 93.7474
9999.9998 34.1307
9999.9993 41.0720
9999.9990 92.0991
9999.9997 24.3556
9999.9990 99.2826
9999.9999 76.8412
9999.9991 96.2062
9999.9999 4.2968
9999.9991 12.9598
9999.9996 43.2189
9999.9994 36.9492
9999.9992 64.5004
9999.9999 66.8977
9999.9995 62.4899
9999.9995 38.8371
9999.9992 25.4125
9999.9997 77.0673
9999.9996 9.2764
9999.9999 27.0666
75 0.0007 99.7208
10000.0000 81.5276
9999.9997 84.4133
10000.0000 26.4892
0.0005 37.2963
0.0005 23.4538
7420.7027 87.8337
9999.9993 94.3801
4530.9369 81.7971
9999.9997 80.7873
331.3894 99.7208
9999.9990 62.4541
9999.9995 56.8116
0.0008 83.1980
0.0010 35.7933
2599.5933 87.6547
9999.9995 35.9611
0.0009 84.2375
5471.4180 24.5190
0.0010 80.0900
592.9302 64.1169
9999.9999 47.7442
8951.7723 97.6476
0.0002 61.1409
0.0010 83.1210
12.4525 13.0224
9999.9998 48.2344
0.0004 52.2175
6259.3781 21.6330
0.0005 0.7548
3719.9029 24.2427
9999.9991 4.7657
9999.9995 55.3738
9999.9994 57.7740
0.0009 61.3581
9999.9994 58.5554
8824.8588 24.1542
0.0004 70.1996
6233.0676 98.9908
185.6858 73.1031
0.0002 22.2569
9999.9997 96.4108
9999.9992 99.0105
8955.8831 44.3121
9999.9992 76.7489
4658.9362 81.2921
9999.9992 59.6405
0.0002 36.6681
0.0007 36.2486
9754.1657 84.3297
4009.8172 61.2443
9999.9997 19.9704
9999.9990 82.7828
0.0007 64.0727
9999.9994 21.0124
9999.9997 8.4318
0.0004 61.8546
0.0006 6.9429
5608.6342 17.0403
0.0010 26.2909
9999.9996 45.7970
0.0005 20.2356
0.0008 11.2760
0.0004 31.7960
4430.4897 87.3437
3272.4783 84.3603
9793.1477 53.1147
5206.2595 17.9891
6034.8010 3.0837
0.0009 50.0099
0.0001 80.7641
1750.4566 57.7766
4155.6073 91.9100
9999.9997 82.8567
0.0005 33.9286
10000.0000 39.5985
75 10000.0000 98.8426
0.0002 55.1501
0.0009 78.8700
9999.9995 59.6535
9999.9990 23.4727
9999.9991 22.1091
0.0002 40.8405
10000.0000 59.4695
0.0002 90.2710
0.0006 40.6774
0.0007 2.1321
9999.9999 6.5368
9999.9996 52.2443
0.0009 64.9992
0.0010 20.7820
0.0006 69.5138
9999.9999 19.7185
0.0006 41.8929
0.0007 33.4290
9999.9996 95.3784
0.0006 92.3969
9999.9994 68.3629
0.0004 48.2964
9999.9998 65.3831
0.0008 25.5033
0.0003 57.1493
9999.9990 28.4046
9999.9997 98.8426
9999.9995 62.3398
0.0009 49.5519
0.0008 22.0286
0.0004 44.8438
0.0001 25.8132
0.0009 89.5787
9999.9992 7.6545
9999.9992 34.3223
9999.9994 60.3632
9999.9998 45.9563
9999.9995 26.1453
0.0005 48.2670
9999.9995 37.3779
9999.9997 49.2721
0.0001 62.7117
0.0009 21.7638
9999.9991 79.9257
0.0006 26.9041
9999.9991 69.4450
0.0004 83.1271
0.0011 78.2987
9999.9991 60.0552
9999.9999 58.2103
9999.9996 20.9605
0.0006 2.2113
0.0010 15.5738
0.0009 16.2491
0.0008 36.3819
9999.9993 57.3917
0.0008 30.5244
9999.9996 56.9106
9999.9993 82.1552
0.0009 91.7075
9999.9991 68.0466
9999.9992 20.5265
0.0005 69.8649
0.0004 79.7565
9999.9992 14.2406
9999.9995 19.3991
0.0003 53.7126
0.0006 53.3020
0.0009 93.1190
9999.9993 2.1889
9999.9990 70.1211
9999.9994 21.9188
9999.9995 32.5012
9999.9998 50.6477
0.0007 15.3056
100 8647.6835 68.9372
9999.9995 1.9689
9999.9992 4.4936
0.0003 93.6185
0.0009 2.9454
0.0005 3.7941
0.0005 7.3593
0.0011 5.6670
0.0008 5.2816
0.0009 92.2717
9999.9993 91.8641
9999.9995 93.5869
0.0010 90.2577
0.0009 97.2540
9999.9996 7.1283
9999.9992 2.6734
0.0004 98.6584
9999.9993 92.6928
0.0001 0.3092
9999.9997 93.4648
9999.9998 92.3526
9999.9999 90.8493
0.0007 2.3980
0.0001 6.7431
9999.9998 4.0915
0.0001 1.5103
0.0006 3.8429
9999.9992 94.2465
9999.9994 7.4520
0.0002 98.9309
0.0005 7.2978
9999.9997 97.0391
9999.9994 3.5346
9999.9999 92.3528
9999.9992 92.0106
9999.9991 92.3738
9999.9993 3.4557
9999.9997 99.1184
0.0002 99.7329
9999.9993 9.7359
9999.9996 90.9329
0.0011 95.4306
0.0008 93.9240
9999.9997 98.6689
9999.9993 0.2532
9999.9998 99.2599
9999.9995 3.9006
0.0008 90.3627
0.0007 95.6360
9999.9994 93.5071
0.0002 97.1745
9999.9995 92.6793
0.0007 92.9970
9999.9999 97.9141
0.0003 90.1289
0.0005 97.0374
9999.9994 90.3526
0.0002 94.3786
0.0005 98.8487
9999.9998 96.2389
0.0009 6.0062
0.0005 91.4117
9999.9998 90.1543
9999.9992 92.6334
9999.9993 95.0813
9999.9993 91.9740
9999.9992 97.2294
0.0005 93.8782
9999.9996 92.0678
0.0003 93.9110
9999.9997 92.1474
0.0010 1.6111
0.0004 9.1525
0.0003 8.7790
9999.9998 91.5549
9999.9991 4.0080
0.0007 98.1791
0.0005 98.0394
9999.9990 96.5708
0.0008 4.5252
0.0006 91.1153
0.0006 2.6923
9999.9993 98.9890
9999.9997 91.9130
0.0004 93.9655
10000.0000 6.0634
0.0006 95.3718
0.0002 7.1777
0.0003 6.4180
0.0009 8.1509
0.0011 3.6149
9999.9997 90.6792
9999.9998 97.8842
9999.9993 95.4105
0.0009 2.2252
0.0010 97.4964
0.0001 92.0716
0.0005 93.6154
10000.0000 97.9330
9999.9997 0.4381
10000.0000 93.9338
97 9999.9998 98.1239
9999.9998 16.3848
0.0002 82.0002
9999.9995 2.0702
3337.0475 67.6930
3594.3793 20.3746
9999.9994 52.7536
0.0006 5.7819
9999.9993 69.4327
0.0011 42.8402
0.0005 16.3315
171.0723 4.3141
6259.8764 34.4951
2022.9163 92.8080
9999.9995 22.7229
6409.8981 3.6862
3029.7171 62.4827
9999.9995 23.4886
0.0007 1.8363
785.4456 60.6682
3967.2855 62.7493
7997.1294 90.1869
0.0010 45.5373
3202.2916 25.6550
9999.9997 96.8733
0.0001 98.1239
0.0009 44.5862
0.0007 23.6910
9999.9994 45.4828
3843.1561 76.3497
9999.9999 29.9771
9999.9992 20.8938
1728.8482 65.1516
5098.5602 35.9623
606.9520 39.9025
9999.9998 92.3089
0.0001 61.8680
0.0005 21.5781
9999.9996 36.9020
9999.9993 28.0373
9999.9990 16.5194
8978.2477 18.8523
9999.9996 75.3847
9999.9993 10.2687
9693.0948 49.3107
0.0002 92.6164
6613.7132 38.3964
3416.8081 35.8820
9999.9995 80.3374
1215.2750 78.4025
0.0003 89.2001
0.0007 43.7199
9999.9990 80.1652
0.0009 55.1379
4510.2396 68.2011
0.0003 94.4242
0.0005 31.3465
4353.3466 21.0446
9999.9998 37.8669
9999.9992 28.7111
9999.9990 32.5820
5565.4258 21.1524
0.0011 83.0788
9999.9995 39.4391
7118.1838 82.2482
9999.9999 74.7015
0.0006 69.9252
7024.2047 55.8827
9999.9998 35.2102
0.0006 48.4276
9999.9999 42.7780
0.0007 0.6488
0.0009 68.3320
9057.3075 13.0356
9999.9992 3.3119
0.0006 65.0478
2772.5807 20.4401
9999.9994 30.3923
9999.9994 77.7286
0.0008 61.9336
0.0003 28.7062
0.0002 43.8999
9999.9991 58.7365
6290.1123 51.3364
0.0007 54.6769
9999.9995 40.6724
0.0005 84.4860
9999.9995 13.9688
703.7580 48.5687
2204.6082 91.9843
883.9674 55.6265
0.0005 83.1642
3574.5477 88.6936
0.0007 11.2848
0.0004 92.7351
0.0008 10.7877
9999.9994 69.3921
9999.9993 80.4752
2 99.9998 44.9488
0.0006 1.6677
99.9997 44.9488
100 7077.8643 48.5245
8135.7947 96.0514
2683.4105 99.0716
2072.8736 93.3783
3888.1000 2.9707
1811.3387 3.0442
2816.2602 96.7451
2961.0037 96.1309
1358.8853 2.3298
1005.7465 1.4727
8994.8858 96.6249
8141.5879 92.0272
2124.5873 0.3008
8426.3303 91.2086
3199.1458 6.1364
9498.4892 8.8737
3827.5698 96.6265
9183.6555 93.5564
4783.7608 0.4894
3121.6386 92.2360
3891.2010 6.1080
8585.3623 9.0138
3786.1426 5.4558
6735.0693 96.0488
6475.3829 94.9705
3113.6100 1.8507
1441.1133 90.7131
8014.2595 2.4235
191.7029 95.3397
7831.4292 4.5842
7316.9723 6.0983
8541.9168 4.1085
812.3788 90.4727
4106.2878 93.7058
4372.9687 9.1314
2964.0355 6.2521
3256.7042 99.8761
219.2908 3.0521
6075.8694 7.1120
389.1429 98.6594
1696.7579 91.4727
5828.8160 5.0705
1907.4352 7.7954
8987.7855 6.7148
1649.7863 94.4964
8412.6316 0.6125
6386.3800 98.7832
4469.9478 99.3063
5796.8552 99.6386
53.2091 91.4873
1033.1392 98.3412
9124.0289 3.1224
1543.2557 99.5767
9082.9773 0.4131
2109.4658 90.4293
2791.3419 89.9507
2022.6229 0.3697
7773.7433 8.5763
650.1520 91.9661
3731.5290 3.8157
9345.2409 95.4638
6013.1340 97.1838
7157.3681 96.2694
3361.2402 8.2025
490.7739 0.1157
9789.5350 9.0859
6178.2596 90.4830
2130.7001 1.6636
1752.6842 92.1466
349.4542 3.2239
4386.9699 95.9079
6314.2390 98.3786
8965.2203 8.8860
1635.1137 97.7842
5455.6972 98.8538
6768.3954 93.8555
912.1538 5.9007
560.2193 97.8097
2530.8510 0.6247
9492.8743 92.1617
6113.9047 9.4281
8293.6291 1.6743
7695.8532 4.0423
4891.7117 93.1245
4836.6963 99.8603
1428.1581 9.8458
4459.6178 9.3013
5486.7568 97.0192
5934.8453 95.9664
2964.5158 6.5748
2884.5449 2.0814
9655.1807 94.4171
3979.8053 0.3865
3323.7953 4.2169
9041.4279 8.4996
8234.9543 7.0497
7113.7878 93.3023
3703.7776 5.4055
3435.1587 94.5312
6829.8923 9.8780
8570.7425 98.6516
2 100.0000 88.3984
99.9999 88.3984
0.0001 88.3983
2 99.4808 76.9326
99.9999 76.9326
100.0000 76.9326
7 5416.7160 92.6761
9999.9991 5.1706
9999.9997 94.4443
0.0009 97.4191
0.0009 4.1438
0.0005 2.8754
0.0009 8.1042
9999.9995 90.9079
15 0.0004 92.2007
0.0006 56.1128
0.0010 69.1008
0.0001 68.0803
0.0006 29.6169
0.0002 56.2289
0.0008 15.9749
0.0006 70.5660
0.0009 77.6345
0.0010 92.2007
0.0006 6.5721
0.0005 16.7035
0.0003 53.7788
0.0007 55.6420
0.0005 77.2544
0.0011 41.7478
84 9999.9994 0.6323
0.0009 0.6323
0.0001 19.3990
0.0010 32.0990
0.0007 26.5574
0.0002 94.8640
0.0009 87.6345
0.0007 73.5663
0.0011 88.9640
0.0007 68.1996
0.0007 53.0206
0.0011 8.7518
0.0008 19.6482
0.0002 50.2824
0.0007 91.6690
0.0002 48.6087
0.0005 46.0685
0.0002 93.7525
0.0004 38.2898
0.0002 77.9541
0.0005 53.2347
0.0009 19.6970
0.0010 34.8148
0.0004 68.7924
0.0004 3.5318
0.0006 26.3706
0.0010 79.7487
0.0002 85.6758
0.0003 81.1921
0.0005 95.4752
0.0002 43.3381
0.0004 59.0378
0.0009 12.9487
0.0008 90.4839
0.0006 2.8920
0.0010 52.2217
0.0010 83.7736
0.0006 6.0448
0.0002 49.6467
0.0011 77.9123
0.0008 8.3417
0.0010 7.2403
0.0006 89.8213
0.0009 39.4103
0.0002 60.7558
0.0005 36.3362
0.0011 5.0298
0.0006 79.7095
0.0004 10.2971
0.0010 10.5774
0.0003 69.9389
0.0003 28.9676
0.0009 80.2760
0.0004 88.4690
0.0004 28.3197
0.0010 77.2383
0.0003 27.8125
0.0007 79.8332
0.0002 48.9415
0.0003 24.8311
0.0006 61.1139
0.0006 66.3363
0.0003 45.0790
0.0003 48.5038
0.0006 6.6529
0.0010 46.7697
0.0007 78.8225
0.0008 82.0467
0.0011 22.8653
0.0001 66.2085
0.0005 48.5624
0.0005 34.6054
0.0010 19.5190
0.0009 90.3102
0.0008 91.8191
0.0006 85.5521
0.0009 20.8889
0.0008 24.8152
0.0005 72.4389
0.0006 64.0629
0.0001 74.7253
0.0009 82.8570
0.0005 64.2880
0.0001 73.8783
0.0004 67.9699
71 9999.9995 0.1013
9999.9999 59.0745
9999.9998 1.0278
9999.9996 87.4037
9999.9994 6.5653
9999.9990 24.6039
9999.9998 38.3026
9999.9991 37.2980
9999.9996 99.0648
9999.9993 55.6620
9999.9992 22.7650
9999.9996 92.5421
9999.9992 63.3019
9999.9996 3.1990
9999.9997 13.6117
9999.9996 72.4324
9999.9992 21.0280
9999.9994 11.6581
9999.9999 23.8210
9999.9998 97.7863
9999.9998 71.1707
9999.9993 80.2969
9999.9999 16.4639
9999.9994 12.4361
9999.9996 34.7424
9999.9994 17.7442
9999.9994 28.3659
9999.9999 15.4187
9999.9996 18.1722
10000.0000 0.9458
9999.9999 82.4661
10000.0000 79.2771
9999.9997 41.2837
9999.9999 29.9878
9999.9994 63.5482
9999.9990 44.6845
9999.9993 77.9684
9999.9998 19.5306
9999.9997 75.1852
9999.9997 91.9169
9999.9994 32.6922
9999.9997 90.7971
9999.9991 86.5389
9999.9994 71.5903
9999.9995 18.1495
9999.9993 56.6735
9999.9993 71.0134
9999.9992 34.5440
9999.9993 20.0681
9999.9995 72.6516
9999.9995 68.9762
9999.9994 57.2067
9999.9999 53.5677
9999.9992 83.2799
9999.9991 0.1012
9999.9995 50.8900
9999.9992 4.2448
9999.9993 51.8886
9999.9998 93.5417
9999.9996 8.6779
9999.9991 82.0788
9999.9995 55.6613
9999.9997 53.4802
9999.9991 23.7344
9999.9998 12.2115
9999.9995 91.6366
9999.9997 32.0430
9999.9997 55.6866
9999.9997 71.2740
9999.9999 10.9235
9999.9998 48.6722
9999.9996 48.9254
8 8653.3442 4.0074
6213.5378 52.9126
7181.8536 26.5580
2763.5001 31.7163
1932.5079 86.4762
8011.4358 88.4281
5722.1804 55.5278
4380.9574 4.0085
2316.9916 10.5143
54 2530.5659 0.1000
1004.6704 46.1260
4657.7408 92.5685
7339.4319 48.2963
568.5268 90.4460
2906.4206 51.3266
9552.7941 71.7439
6131.2751 69.8905
7594.9987 4.1671
4332.7217 40.0441
3355.6760 98.4406
5869.5175 50.9125
3551.9925 75.7101
7953.7369 4.7477
8526.3393 65.6384
1240.4792 55.9042
9280.5670 27.9974
7565.7462 42.3832
3749.4674 88.9499
5125.5371 48.1385
3090.5550 96.1336
3581.4757 7.7028
7365.9589 80.3974
7726.8806 32.5148
754.2216 62.0849
3918.7443 95.1860
6576.9251 13.2372
9827.6615 10.5113
1294.8588 64.7451
9342.7443 71.9503
9590.5365 0.1000
7942.3171 86.0113
3870.3313 65.0342
3866.2982 53.7810
5885.5342 43.4922
6487.4478 57.8099
5807.3775 62.7756
6203.9641 49.1772
4078.4085 99.7833
6902.7380 8.6252
9263.7826 39.2602
8637.0468 96.9036
7201.3830 37.3613
7037.3583 98.7759
6219.5731 42.4088
1576.4336 57.6082
8917.9463 64.6105
6546.9379 69.3571
3155.2802 6.8302
751.1415 22.6262
7661.0672 62.3175
593.9768 21.9098
5636.7077 99.3266
3099.2435 13.5252
2615.3422 45.3723
18 0.0010 1.8618
9999.9999 23.0611
0.0001 22.2208
9999.9999 55.9924
0.0002 1.8618
0.0003 55.3991
0.0001 16.4524
10000.0000 24.0001
9999.9999 44.0892
0.0005 45.9952
0.0008 29.7233
9999.9998 10.1329
0.0008 26.9344
0.0006 42.1709
9999.9991 41.0158
9999.9991 33.3102
0.0005 14.9666
9999.9999 37.6900
9999.9997 83.1137
2 100.0000 65.1587
99.9999 65.1586
0.0001 65.1587
