100
2 0.0007 72.9109
99.9999 73.5540
0.0004 6.1267
2 0.0005 38.4931
99.9998 38.4363
99.9995 45.8985
2 0.0005 84.0789
0.0007 20.7749
99.9998 84.0789
2 99.9996 43.5555
99.9999 4.0047
0.0010 83.1064
2 23.7597 9.7854
99.9992 9.7852
0.0002 94.9977
2 99.9992 76.7697
99.9994 72.6414
96.2006 76.7691
2 100.0000 75.6127
70.0263 75.6127
27.0364 27.7990
2 99.9999 17.3974
0.0007 4.8443
0.0003 17.3974
2 99.9992 13.9006
0.0009 13.9006
99.9992 60.0752
2 0.0001 0.1001
0.0001 0.1003
0.0001 0.1000
1 20.5604 99.9000
36.8865 21.7482
2 99.9992 79.8570
99.9996 6.8244
0.0005 80.5030
2 0.0010 11.3283
99.9993 76.6562
99.9999 11.3120
2 0.0003 77.2764
0.0002 77.9054
0.0002 77.2764
2 100.0000 88.3983
0.0001 88.3983
99.9999 88.3984
2 0.0003 68.5842
0.0003 0.3974
0.0008 68.5842
2 0.0008 73.1626
0.0005 49.5872
99.9991 96.7381
1 90.3800 29.0390
84.3073 13.7916
2 0.0001 6.1536
6.9884 9.4176
83.0001 2.8897
2 100.0000 65.1586
99.9999 65.1586
0.0001 65.1587
2 0.0011 56.1633
0.0009 56.0880
99.9998 76.3626
2 69.4190 0.3407
0.0001 0.3407
0.0002 0.3407
2 49.2112 50.9901
17.2031 50.9898
56.8561 41.4109
1 73.5258 41.8103
50.7743 93.3230
2 99.9998 45.9694
0.0009 45.9694
0.0005 71.6296
2 0.0001 46.1199
0.0010 73.3485
26.4675 46.1199
2 0.0009 52.9063
99.9994 52.9063
99.9995 13.5647
2 99.9996 38.1072
99.9996 38.3961
99.9999 10.6419
2 0.0005 54.5511
99.9990 51.4569
0.0004 55.0978
1 10.0000 50.0000
0.2000 50.0000
2 30.0000 65.4321
0.0001 50.0000
100.0000 99.9000
2 99.9995 27.7373
0.0003 27.7373
67.5812 19.6536
2 9.3738 99.9000
94.3875 99.9000
57.4171 11.7536
2 99.9994 5.9983
0.0007 32.3303
38.3889 5.9994
2 5.0000 99.9000
30.0000 99.8999
20.0000 99.7000
2 0.0008 96.9012
99.9998 96.9012
0.0005 46.2602
2 59.1081 96.8236
85.9566 98.5488
45.9915 93.5993
2 0.0010 91.2576
0.0011 49.8353
39.5417 91.2576
2 99.9994 96.8333
0.0004 61.5057
0.0008 97.1281
2 0.0006 31.4921
0.0003 84.3496
99.9994 31.4474
2 99.9996 4.5941
46.6932 4.5941
99.9994 30.1017
2 46.7369 33.5509
21.7842 81.1829
11.9328 28.9697
2 99.9994 25.0217
0.0005 72.6882
44.9391 25.0217
2 0.0009 59.9102
65.4641 59.9102
99.9995 8.5873
2 0.0005 92.4646
99.9998 33.2691
99.9992 92.9060
2 100.0000 65.1587
99.9999 65.1586
0.0001 65.1587
2 99.9998 44.9488
0.0006 1.6677
99.9997 44.9488
2 0.0009 98.5880
99.9998 9.1322
99.9996 98.5880
2 0.0011 13.3717
99.9996 77.3626
99.9991 13.3528
2 0.0008 77.8659
0.0004 77.9628
68.7297 32.9498
2 99.9995 69.2768
99.9993 69.1967
45.1581 86.6677
2 99.9994 60.4791
99.9995 65.4538
0.0002 55.5044
2 0.0009 79.6840
0.0004 79.6840
99.9993 86.8813
2 40.1918 42.9848
25.4741 42.9848
79.3544 42.9848
2 8.1214 91.4737
50.9422 85.3583
55.4328 20.5376
2 99.9995 45.3385
99.9993 71.1357
99.9991 45.2830
2 0.0001 74.7165
99.9992 54.2754
99.9994 95.1576
2 99.9994 34.7330
99.9993 15.7029
99.9993 53.7630
2 0.0002 30.2957
0.0010 56.8295
0.0009 3.7618
2 99.9997 23.2352
0.0005 4.9344
99.9996 23.2352
2 0.0007 91.8132
99.9993 91.8132
0.0003 42.4829
2 99.9995 28.7422
80.3785 0.1692
99.9999 28.7422
2 99.9999 62.2882
0.0007 49.2337
0.0009 75.3427
2 0.0004 50.0141
0.0010 24.4332
0.0005 50.4897
2 0.6227 97.1549
97.8992 55.9392
32.4313 55.9392
2 99.9992 33.5979
0.0005 33.5979
0.0001 84.2165
2 99.9993 66.5810
0.0011 76.6772
0.0004 66.5094
2 99.9992 47.5756
99.9998 54.9981
0.0002 47.5756
2 99.9999 67.8976
58.6511 68.0959
99.9992 43.7895
2 99.9991 73.1047
99.9997 73.1047
99.9999 75.7116
2 100.0000 88.3984
99.9999 88.3984
0.0001 88.3983
2 70.4687 45.6548
29.9872 91.6556
31.1982 1.4395
2 0.0006 65.3018
99.9991 65.3018
0.0003 90.0381
2 0.0001 0.1000
0.0001 0.1002
0.0001 0.1001
2 0.0002 86.4789
99.9996 87.4869
99.9998 86.4789
2 97.1267 41.8676
100.0000 41.8676
99.9999 41.8676
1 96.0250 0.1000
80.7196 0.1000
2 100.0000 57.8492
48.8735 39.4284
1.6280 76.2701
2 99.9990 56.7535
0.0010 57.2858
0.0010 43.2483
2 99.9994 80.9101
0.0005 80.9101
0.0004 75.3218
2 0.0002 55.6763
99.9995 82.4782
99.9995 28.8745
2 99.9997 15.6215
99.9994 86.7460
0.0010 15.6055
2 92.5172 18.2375
79.5149 76.7170
29.1964 18.2386
2 99.9996 92.2466
99.9999 92.2466
0.0008 55.9688
2 0.0005 51.2719
0.0007 51.2719
0.0009 39.9663
2 0.0011 36.1845
0.0003 36.1362
0.0009 46.9122
2 0.0007 76.6799
0.0010 66.3782
0.0008 76.6799
2 99.9992 54.6385
99.9995 54.6385
99.9995 92.3584
2 0.0005 34.3233
99.9999 96.0846
99.9993 34.3233
2 99.4808 76.9326
99.9999 76.9326
100.0000 76.9326
2 0.0004 29.5645
99.9996 21.5992
0.0005 37.5297
2 0.0001 77.2831
0.0001 97.3911
0.0001 57.1751
2 99.9996 93.7082
99.9997 93.7082
99.9996 21.2512
2 99.9993 48.7198
99.9991 2.4709
72.7370 94.9687
1 32.4030 12.2503
74.2157 12.2494
2 0.0005 1.6939
99.9999 79.8916
99.9993 1.6922
1 18.0068 75.9999
89.8702 75.9999
2 0.0002 71.6140
99.9991 67.0304
99.9997 76.1977
2 100.0000 25.5356
99.9994 32.8167
0.0001 18.2546
2 66.6404 0.1000
14.2557 55.5579
93.2237 86.3420
