128
1179.89 0.651717 0.383987
1568.43 0.0472553 0.173483
1411.7 0.255048 0.0668347
1318.15 0.650787 0.650538
1394.9 0.272931 0.592408
1044.83 0.442297 0.802836
1568.44 0.0511979 0.202531
1568.48 0.0729884 0.244371
1040.74 0.374707 0.107172
1568.51 0.184915 0.425187
1568.47 0.080176 0.25801
1396.67 0.39972 0.137225
1393.42 0.635076 0.634353
1568.44 0.167656 0.0407158
1045.07 0.545995 0.883412
1568.51 0.49128 0.492285
657.651 0.2553 0.0667201
1173.56 0.0507768 0.192372
1040.86 0.114751 0.375122
1178.95 0.260978 0.0748442
1041.05 0.128108 0.40582
1179.47 0.0998436 0.303041
1399.48 0.0980197 0.325224
1568.45 0.237143 0.0663707
350.143 0.240707 0.055546
1045.1 0.88147 0.682188
658.122 0.295711 0.0806061
1568.49 0.3998 0.153877
1568.49 0.0981351 0.295137
1568.41 0.147815 0.0320124
1044.12 0.315311 0.667769
1045.06 0.851181 0.57407
1179.89 0.471382 0.193258
350.116 0.232869 0.052328
1318.8 0.399009 0.134924
1170.68 0.180203 0.0424076
657.816 0.263943 0.0697188
1395.2 0.548069 0.229568
1319.32 0.10963 0.349245
1568.5 0.355447 0.138618
1318.17 0.758525 0.43929
1043.06 0.56824 0.225845
1568.45 0.053231 0.208482
348.135 0.29528 0.0795737
1041.7 0.158134 0.456308
1044.52 0.378633 0.75615
658.427 0.312529 0.0920829
1568.5 0.317377 0.545452
1041.35 0.143343 0.462831
1417.78 0.0582156 0.232334
1401.66 0.310008 0.0934998
349.841 0.0585992 0.247691
1568.51 0.360898 0.603045
349.922 0.0697149 0.276352
393.941 0.153395 0.033339
656.679 0.0572938 0.231463
1568.42 0.152742 0.0345237
1568.49 0.108973 0.313006
1568.5 0.603713 0.356956
658.029 0.279451 0.0753353
1042.12 0.502024 0.179807
1179.61 0.331893 0.115185
1568.48 0.328087 0.118819
1043.6 0.26584 0.613796
1568.48 0.0856569 0.281335
1045.13 0.772833 0.669685
1568.41 0.155537 0.0354757
1568.45 0.208472 0.0562787
207.713 0.0703958 0.278166
1042.52 0.538188 0.201922
1179.89 0.517777 0.51758
1176.89 0.207644 0.0629738
1179.91 0.31789 0.605348
349.955 0.0657002 0.26327
1568.44 0.0462346 0.183994
1568.42 0.163029 0.0386652
656.02 0.213542 0.0492945
1568.45 0.217293 0.0620827
1420.86 0.215154 0.0501806
348.093 0.0757482 0.291232
1568.52 0.213753 0.460722
1568.51 0.249306 0.506597
1568.43 0.0405355 0.169193
350.225 0.228128 0.05053
1040.75 0.111129 0.365735
1318.21 0.327562 0.667827
1393.46 0.778423 0.445247
0 0.0040218 0.00236368
0 0 0
0 0 0
0 0 0
0 0 0
0 0 0
0 0 0
0 0 0
0 0 0
0 0 0
0 0 0
0 0 0
0 0 0
0 0 0
0 0 0
0 0 0
0 0 0
0 0 0
0 0 0
0 0 0
0 0 0
0 0 0
0 0 0
0 0 0
0 0 0
0 0 0
0 0 0
0 0 0
0 0 0
0 0 0
0 0 0
0 0 0
0 0 0
0 0 0
0 0 0
0 0 0
0 0 0
0 0 0
0 0 0
0 0 0
0 0 0
