100
2 3 2
1 1 1
2 1 1
2 1 2
3 2 3
57 1 55
10 10 5
4 2 2
3 1 2
100 3 34
93 1 52
80 8 9
1 78 1
25 11 22
2 4 1
100 4 25
4 1 3
4 29 1
64 1 59
89 6 77
15 2 3
92 8 89
1 85 1
10 5 1
100 2 50
46 9 40
95 6 6
4 3 1
25 1 24
100 1 1
12 2 8
4 3 2
1 3 1
5 6 2
72 3 45
31 2 21
3 4 1
98 6 2
1 100 1
1 20 1
64 9 7
2 2 1
100 3 33
3 1 3
12 12 3
1 28 1
64 1 64
100 9 12
68 9 21
25 12 3
60 6 9
10 5 2
64 9 8
9 15 1
14 7 1
2 3 1
3 20 3
1 4 1
1 96 1
1 2 1
25 7 8
3 3 1
64 1 63
14 7 2
25 5 16
26 7 5
19 1 19
2 59 1
4 4 1
100 2 49
100 1 99
71 5 61
100 9 11
48 9 35
25 12 2
3 27 2
5 24 3
10 18 1
3 2 2
100 1 100
3 37 1
56 10 6
39 10 27
100 3 85
3 2 1
91 2 61
1 15 1
25 1 25
40 3 30
22 12 20
69 7 30
100 4 24
29 5 4
4 2 1
80 8 10
4 1 4
52 7 26
1 29 1
33 3 22
10 10 6
