100
2 3 2
1 1 1
2 1 2
3 2 3
4 1 4
22 13 22
10 18 10
57 10 57
68 3 68
39 3 39
4 29 4
72 8 72
53 4 53
17 11 17
81 2 81
2 55 2
1 16 1
79 4 79
1 100 1
23 6 23
54 8 54
10 5 10
14 7 14
3 3 3
1 27 1
76 2 76
13 3 13
5 17 5
55 10 55
31 11 31
27 12 27
1 49 1
34 11 34
57 7 57
64 3 64
80 8 80
25 11 25
47 2 47
4 3 4
3 4 3
3 32 3
52 1 52
1 4 1
3 37 3
45 6 45
60 9 60
26 6 26
8 9 8
9 14 9
83 6 83
2 42 2
4 22 4
31 2 31
53 5 53
8 10 8
100 9 100
88 4 88
62 3 62
31 5 31
93 7 93
54 3 54
23 3 23
2 4 2
66 3 66
13 15 13
100 3 100
22 1 22
43 10 43
1 3 1
95 4 95
1 65 1
2 2 2
100 4 100
19 7 19
57 1 57
39 1 39
1 2 1
56 1 56
41 11 41
2 5 2
4 2 4
3 1 3
23 8 23
91 8 91
69 9 69
2 59 2
70 5 70
95 5 95
100 1 100
4 4 4
1 95 1
74 7 74
3 22 3
19 8 19
50 8 50
5 22 5
21 6 21
96 1 96
45 4 45
100 2 100
