100
210 1 0.820452316044547
1663 78 0.7687146954912956
711 56 0.584366839884684
2576 21 0.7347687615875376
2855 187 0.8236994563582262
3000 1235 0.9966125411381052
2369 33 0.7187958257309071
2979 43 0.7772237010498029
2637 148 0.7415451482506217
1434 139 0.7009021303832321
3000 27 0.8186760818824159
2934 61 0.7627572436822201
1304 1 0.8642500034123509
1 1 0.4
2 1 0.5
558 46 0.6810346336176656
459 33 0.8071185178965246
2618 194 0.8097210286246191
2253 180 0.8295270551782878
2941 219 0.750339808465424
64 6 0.7486135779043727
3000 6 0.6128288993437406
1691 18 0.8897513221417184
2980 279 0.8106294086115531
1538 142 0.6460453330125836
3000 132 0.9234418745440136
2 1 0.4
3000 835 0.9304641233983514
1709 125 0.9251580120777659
2916 113 0.9653940727746058
2799 123 0.6587783696987503
1684 36 0.9986724786318375
1165 74 0.9596087209289523
2632 253 0.8904351799003849
1610 47 0.697238079810116
1951 85 0.8247127159205291
10 12 0.5
1 2 0.4
1707 111 0.7393655638204133
3000 50 0.123
3000 94 0.8689874881448595
3000 135 0.5511401553868309
2488 143 0.8832202520625858
2635 210 0.7037502996500224
677 22 0.5212111197194145
10 5 0.1
1824 102 0.8159455835461951
3000 121 0.9980522144494091
3000 2462 0.9151227339986332
3000 50 0.987
566 41 0.7684774086217769
3000 195 0.8184633788266845
2720 223 0.532229861961256
2845 274 0.7522016062890933
961 42 0.9879935566956518
2167 64 0.5224150974962971
2945 14 0.821878518509422
1567 3 0.5405310848179361
330 15 0.7794361742253006
990 55 0.7568346081552475
972 59 0.5144525344188575
1548 133 0.8113304831177826
315 25 0.9918229436821577
504 3 0.8265025190871463
2747 112 0.9321534156101707
441 33 0.7285575415657165
2905 190 0.6586390758629603
10 5 0.9
3000 854 0.9720202238293681
1715 66 0.8869301728055563
2119 172 0.9744914521199695
2008 66 0.7349366065855263
1355 102 0.842765043937916
1759 168 0.9796053333612772
2313 44 0.7834328068149952
2775 210 0.7539270113951959
1832 60 0.7104413388525446
3000 68 0.883581865722848
3000 160 0.6579502846146681
1041 2 0.8621913147859378
3000 39 0.6214264176481694
1732 111 0.8684178769700903
1836 8 0.5844578504948079
393 32 0.8120283847590396
3000 148 0.9286954412715177
1078 42 0.9765601110700175
12 2 0.5532897906166729
688 45 0.6962093634623593
970 5 0.6451701546529596
306 20 0.9216616042132381
3000 125 0.919826528587413
3000 1757 0.9670775954951097
3000 48 0.815240333295067
3000 62 0.54049556192781
108 5 0.8271332798371511
3000 43 0.8371587587474507
186 10 0.5968818740377626
1910 80 0.7331897436892401
2105 97 0.6817037164372213
2902 269 0.741036438737901
