100
88 88
8 33
7 44
87 87
24 96
96 96
59 44
38 68
25 27
97 88
3 6
89 8
26 39
2 4
95 92
92 55
90 98
81 40
81 32
42 56
92 86
35 72
9 100
36 47
50 15
82 91
90 44
14 15
84 86
94 56
100 66
4 12
50 96
22 48
3 5
98 93
98 95
86 90
54 24
87 45
65 16
78 39
88 99
23 4
2 6
94 89
53 40
5 84
84 85
45 64
4 20
62 90
85 44
83 98
79 28
87 95
100 100
58 67
41 86
6 68
87 84
88 100
96 85
87 8
23 20
84 64
88 97
97 97
81 92
58 51
67 32
55 84
3 4
65 20
29 16
68 42
48 48
2 3
100 7
100 90
100 100
87 96
100 87
3 3
35 27
12 51
92 94
51 16
55 56
84 93
13 97
77 6
2 5
82 3
38 64
91 99
39 71
88 89
87 94
97 91
