100
87 57
80 99
88 96
98 96
82 92
44 52
80 100
64 28
35 84
11 60
78 78
49 78
89 45
10 63
21 38
80 98
92 100
78 63
91 90
10 82
72 30
83 97
80 87
30 32
88 95
3 4
97 91
62 39
37 36
96 65
2 6
19 60
94 97
88 90
92 94
86 97
35 87
7 36
80 85
85 89
47 16
2 5
35 92
2 3
87 94
75 88
67 60
35 54
40 80
96 88
22 9
86 88
49 81
85 91
95 94
28 71
13 39
39 52
54 66
2 4
51 9
44 75
81 76
4 66
33 80
75 45
99 95
100 39
83 93
57 80
26 21
79 93
3 5
43 57
100 100
34 30
97 93
100 85
100 86
9 78
98 98
70 72
92 78
67 44
61 84
98 42
34 20
88 33
38 44
21 42
3 6
90 99
76 28
3 3
98 87
92 89
64 51
92 92
11 6
87 86
