100
4
10 5 15 5
2
100 100
8
81 81 81 81 81 81 81 0
6
23 90 40 0 100 9
2
0 0
10
100 0 100 0 100 0 100 0 100 0
10
100 100 100 100 100 100 100 100 100 0
5
60 67 97 64 30
6
65 66 50 35 58 38
7
53 55 45 82 95 63 40
8
77 77 38 37 68 50 6 91
9
80 37 90 66 60 97 57 84 87
10
50 23 43 98 16 41 10 15 20 71
10
9 88 73 69 52 37 50 85 30 4
10
63 25 42 64 39 90 67 68 36 22
10
36 83 10 41 18 49 10 78 46 55
10
32 12 14 34 31 90 75 63 33 11
10
77 79 40 26 86 47 51 40 67 38
10
36 2 95 38 95 63 35 56 64 29
10
20 81 75 26 13 38 56 82 45 77
10
44 84 26 47 49 1 48 98 79 67
10
43 51 19 3 57 92 68 45 21 96
10
25 48 52 55 41 72 85 79 39 93
10
15 66 31 41 54 28 4 54 31 24
10
33 44 53 99 96 92 21 67 85 61
10
91 73 20 11 18 52 34 30 40 23
10
10 57 46 3 97 27 57 45 69 81
10
99 96 90 43 66 99 51 75 86 75
10
76 4 58 71 68 59 58 80 4 36
10
85 99 88 12 21 65 39 31 72 5
10
51 54 56 96 13 55 7 55 30 99
10
28 6 46 0 6 23 32 75 51 73
10
4 28 41 91 90 58 23 40 75 81
10
17 67 68 26 70 21 57 55 40 22
10
85 5 97 47 57 3 31 58 34 79
10
73 20 84 5 24 58 76 10 42 87
10
1 66 4 74 10 46 59 6 41 36
10
73 92 36 43 47 86 87 67 81 78
10
18 49 89 82 57 9 27 13 87 63
10
41 42 11 59 50 20 17 62 58 4
10
96 26 18 57 69 78 3 20 27 9
10
77 51 28 70 30 2 4 80 94 26
10
3 22 55 42 5 78 29 94 2 93
10
9 16 76 3 19 17 98 44 35 10
10
90 31 54 18 80 10 92 95 8 25
10
38 23 38 76 33 97 85 61 39 93
10
14 68 84 59 34 79 40 1 16 2
10
50 74 23 4 99 13 48 12 77 53
10
52 6 28 83 87 52 96 70 81 61
10
0 83 35 86 94 61 57 53 69 83
10
6 67 6 27 81 21 56 0 47 63
10
78 34 92 41 50 63 64 30 92 11
10
46 85 35 83 46 71 49 67 16 7
10
33 63 83 40 27 50 60 28 58 41
10
85 74 84 39 60 75 35 59 23 67
10
22 92 91 93 60 30 45 92 2 65
10
6 84 88 28 44 60 66 45 86 97
10
71 35 19 20 55 51 57 85 14 17
10
85 17 34 96 26 27 98 48 84 90
10
87 59 67 80 12 84 7 61 66 74
10
78 32 38 26 83 89 8 65 3 1
10
92 83 43 2 70 24 7 71 17 79
10
68 93 48 74 93 63 34 17 67 81
10
28 62 83 65 81 66 24 21 67 35
10
68 84 60 78 89 7 76 96 47 12
10
84 55 97 59 42 3 71 86 78 29
10
81 28 42 31 43 65 56 69 92 19
10
59 35 72 73 0 65 84 69 69 95
10
30 54 0 89 62 37 52 14 89 27
10
58 92 87 71 72 71 73 22 96 32
10
30 60 84 63 72 74 37 15 33 91
10
21 13 0 28 99 56 25 24 43 81
10
38 75 86 88 32 75 63 36 72 81
10
60 56 87 24 83 5 83 43 20 14
10
70 69 91 53 12 5 9 14 38 43
10
76 68 95 19 26 16 58 76 88 59
10
11 52 11 63 62 34 41 27 74 71
10
87 1 26 34 30 40 90 58 0 48
10
78 85 63 81 26 60 32 39 17 12
10
20 39 27 33 41 51 65 19 5 77
10
93 81 98 42 45 81 17 71 34 86
10
75 60 42 86 24 15 7 56 79 54
10
14 33 60 42 38 64 89 85 31 98
10
99 43 37 91 64 80 21 59 78 50
10
39 41 78 27 89 50 96 41 47 10
10
36 11 10 7 36 72 9 70 0 71
10
59 54 42 22 90 7 3 22 41 6
10
64 63 53 36 78 8 8 82 38 99
10
9 21 53 43 58 82 77 98 28 65
10
42 37 90 79 26 53 11 79 15 75
10
81 88 46 68 46 55 23 85 73 32
10
69 32 43 28 92 90 78 69 14 23
10
48 53 36 69 82 1 84 98 84 13
10
30 69 40 56 21 18 13 12 84 24
10
47 63 40 68 90 13 48 85 22 81
10
17 27 99 14 64 34 68 35 57 36
10
71 65 85 35 55 82 11 73 38 77
10
97 7 30 90 19 78 51 45 67 73
10
11 32 77 60 33 33 7 17 6 66
10
7 52 90 17 40 25 3 25 17 27
