100
1
19
23
3020000000
77777777777
777777777777
16777216
777700700000
100100000
89012345678901
1010001
33554432
67108864
20000000000000
10010001
21098765432109
1073741824
777700070000
65432109876543
2199023255552
3020000001
87654321098765
274877906944
777777777
549755813888
77777777777777
9999999
19999999999999
17592186044416
8796093022208
999990
34567890123456
10001001
2147483648
20000000000001
77777777
78901234567890
100010001
1000001
200000001
777700070001
7777777777
536870912
70368744177664
35184372088832
777700007000
11111110000000
268435456
200000000
11111110000001
7777777777777
67890123456789
45678901234567
56789012345678
137438953472
777770000001
777770000000
54321098765432
100010000
76543210987654
777700000000
68719476736
134217728
9999999999999
10000000
98765432109876
504030200000
1000000
99999999999999
32109876543210
777700007001
504030200001
8589934592
777707000001
777700000001
999998
17179869184
10001000
4294967296
1099511627776
23456789012345
40302000001
10000000000001
999991
34359738368
999989
777700700001
999999
40302000000
777707000000
1010000
10987654321098
10010000
90123456789012
100000000000000
100100001
10000000000000
12345678901234
43210987654321
4398046511104
