100
1
19
23
11101
91
10101
654321
101
999991
10111
10011
524288
100
2001
210987
29
11001
11
30
99000
1100
12001
99001
256
100001
2200
901
2201
999999
990000
1000
999900
10100
900
32
12000
11111
10001
900000
20
999990
1999
11100
101000
10110
11110
989999
2101
1110
1998
678901
1001
10
9
789012
2002
1099
100000
990001
999899
200
111
128
999901
999998
102
456789
9999
90
1101
10999
777777
900001
2100
199
11011
22
1111
12
998999
99
1000000
77777
999
11000
899999
101001
10000
32
11010
19
10010
999000
999001
2000
201
110
999989
31
21
