1000
1354 7 7949
78 77 4304
369 17 4392
582 8 2652
1451 2 1718
10 179 1591
4559 2 8282
51 183 4999
64 59 3568
409 14 1339
53 166 1407
131 5 422
1019 5 2799
4 1658 483
98 38 2541
262 28 5852
9999 1 4998
716 10 4926
63 85 5008
31 177 3965
5 3 12
13 398 4558
35 35 978
918 8 253
8 191 1455
13 377 4456
102 12 790
7 1204 2423
2063 4 5376
39 190 3735
11 334 3265
307 31 9082
4 1726 1971
3 5 12
3319 3 9763
1427 2 2094
1011 2 1750
3150 1 1952
157 29 4353
2 4841 6380
1 3472 2851
1614 2 1106
2193 1 1594
13 177 1767
6 1546 7473
1 2975 1669
1271 3 2588
2 2612 5034
67 87 3580
112 40 4066
2 1861 3499
1367 7 2491
5 1454 3459
519 13 1180
6 779 3872
99 61 5540
1 9999 0
5 3 8
13 716 4874
2633 2 2744
16 98 973
11 364 2314
3917 2 4157
1 304 270
294 4 1082
24 118 2799
1010 2 1049
2741 3 6431
297 23 3555
5 3 3
2435 2 2711
2 1606 2465
73 38 1648
5 539 2535
13 331 2144
643 7 3300
42 190 5103
92 69 4429
1530 6 6105
28 142 2212
2 831 984
32 290 5232
3 532 344
3821 2 2071
23 134 1493
83 92 7034
811 3 1863
13 609 991
404 7 2473
1 4377 2466
58 32 462
21 199 552
7 591 2320
755 3 2247
8281 1 7279
134 49 4460
805 7 3804
8 607 3646
388 7 943
9 489 3154
1220 6 3758
24 122 272
113 49 442
27 213 3299
5 3 1
443 15 2270
1 9999 9999
333 3 220
69 15 749
53 156 8006
268 2 332
940 9 6458
97 51 4462
5 545 2251
2 4764 8701
55 38 1815
25 107 1810
763 13 6606
38 10 116
333 5 1013
2 4687 6602
4 2319 8048
41 41 424
671 9 4807
9 917 4255
787 5 2083
4495 2 1238
9999 1 9999
7 1102 5927
1941 4 4349
6120 1 2548
57 158 7808
313 4 12
8 47 222
133 16 573
3 4 12
162 41 4092
3252 2 5851
3 5 2
14 159 298
3 2988 6902
542 13 2463
17 179 2490
9999 1 5000
2287 3 4601
202 15 2736
2 4473 6782
433 2 647
869 2 1689
11 509 4769
3 1056 283
124 21 2522
1559 3 4017
4 1753 4270
651 3 855
10000 1 0
5 3 15
7 383 2284
25 307 4016
1 1308 1187
44 189 5229
2 3163 3504
2 1486 2608
8 815 4105
12 698 7438
2 2707 3578
2 2451 1259
81 88 4164
1028 4 627
8809 1 6521
93 12 32
1 9999 5000
126 60 7392
2547 3 6076
17 212 826
1174 8 7261
67 87 5490
31 83 1600
1 10000 1
25 202 668
3714 2 2341
2 3561 5315
2 1399 1899
997 5 4918
7 158 782
2 3121 5935
41 163 3792
1 3278 2237
10 389 1492
347 3 707
287 19 3625
2 1069 1481
1252 5 3529
241 29 4168
9 136 1085
23 167 1984
40 230 8938
50 27 794
4 418 1618
6031 1 3238
933 4 2154
1087 7 4028
5 3 13
447 2 637
2 4695 8072
899 7 5378
3 1069 759
2 3347 3874
3089 2 5252
193 16 2856
3 5 7
3 769 1417
2138 2 4006
80 5 168
9 1090 6371
3 1201 3523
19 379 4339
17 53 624
11 559 4551
337 23 5397
4096 2 6553
16 492 5544
5 1109 4859
2098 3 1293
3 5 4
2043 2 3851
31 34 784
447 20 8657
193 23 2517
559 13 5439
1 3390 2718
2 4628 7528
262 29 4608
190 31 3213
44 202 7995
187 10 404
6 1056 4217
1213 6 5967
5 1966 9091
1148 2 1718
29 311 7806
779 10 4200
1787 4 7133
2 2872 4957
3 633 1721
82 87 5728
62 41 1109
1489 1 1127
3249 3 475
5 601 2378
1605 6 130
4511 2 1980
21 141 2499
107 49 1492
26 175 4432
191 15 927
33 41 699
1377 3 2644
23 220 2896
83 81 5866
49 203 454
134 9 224
5 3 4
1 10000 0
95 46 3658
37 251 7167
5 974 399
543 5 2107
8 1093 7633
4 233 468
1 10000 4999
125 19 939
263 22 5034
11 29 200
5 527 286
112 75 6090
1558 2 2406
85 63 3778
74 13 681
19 361 3883
14 335 4108
6 1643 8189
5 3 7
648 9 3202
59 163 7117
179 41 2366
1025 3 308
6695 1 2694
1663 3 4043
4 979 3254
12 200 1967
2 3679 5404
67 106 6788
6 1539 6469
23 136 971
1 2958 2452
3 3133 2524
20 241 4666
3819 2 6973
234 5 834
11 223 1236
116 28 3211
1 9999 1
2715 3 4942
74 67 4778
1 1 1
38 104 6
65 139 6803
20 185 677
13 625 5268
94 61 4401
17 211 2510
212 23 2829
3 5 0
14 27 286
3 1271 2901
199 27 2786
215 17 2842
32 3 74
2239 2 136
383 7 1475
5 319 1073
2 4729 8346
58 169 8279
49 29 937
1 3835 2550
241 3 359
217 45 2850
4281 2 6292
191 13 1800
5 787 1312
11 379 2531
2266 2 2662
124 22 1952
219 5 921
3 407 947
31 163 4838
5 967 3396
163 13 442
4497 2 890
1839 3 3391
293 23 5500
38 79 2134
1754 5 1732
1119 3 1443
511 16 8011
616 7 3579
140 63 7826
2 191 252
47 161 6006
353 5 490
2 239 18
1 9999 4999
18 151 2667
32 145 3545
3 3090 7133
4954 1 2815
3 5 14
2168 2 3753
2 1228 1667
136 15 1869
134 23 2301
7752 1 4074
13 659 1942
1328 5 1295
2663 3 3657
3427 2 3429
139 11 1294
3 652 964
3 592 1310
21 75 1046
57 11 517
2 4565 7677
121 20 2141
212 20 2676
2 2969 4446
292 3 737
6 757 2380
3 1339 2993
6 393 434
56 47 1890
1369 6 2907
773 11 6151
22 88 464
848 11 8459
9999 1 1
81 31 1482
3 5 9
2 2819 4212
23 7 87
2329 2 412
51 51 2146
773 6 3309
3647 2 2495
3 5 11
8 53 326
293 34 6330
4971 2 9392
3936 1 2103
10000 1 10000
113 16 880
257 3 50
13 327 2153
11 113 1219
1 3007 1786
2222 2 2968
7030 1 3
525 5 2203
2 397 487
2 1223 2393
563 7 741
3611 2 2765
4072 2 7921
2 3205 3654
295 5 3
72 29 1764
71 79 3151
4526 2 4982
10 606 3964
77 17 1304
19 443 7235
10 733 4514
3 5 13
122 76 5600
53 83 3262
24 47 619
14 49 517
41 89 2182
9 95 664
1049 5 4402
13 331 3823
2 4893 5986
226 38 188
13 367 2433
3033 3 6142
75 22 1482
100 100 1
73 29 269
1544 5 4320
38 118 2388
3489 2 4486
7 767 656
5 3 14
4 852 2980
1317 6 2715
3 5 6
4 977 3603
3 1961 4027
5 1918 7403
1647 3 2870
2 34 66
4273 2 5215
353 21 4930
1717 2 2429
96 71 1951
1 796 467
18 394 3763
16 55 796
976 5 3687
3 909 2509
169 24 1
3622 2 4966
5 1882 6464
31 101 2348
1 9999 4998
407 2 466
55 23 863
5 6 25
926 4 2893
298 30 6692
11 329 3583
2228 4 501
2 149 199
69 57 190
34 79 766
775 7 3339
3 5 10
59 166 1908
4226 2 2554
59 162 1384
1 7219 6781
9999 1 0
78 58 2871
2391 3 5275
4 3 12
649 4 1384
564 10 3832
941 5 2773
4 2006 598
2549 2 3724
5 1713 2308
3 673 299
49 61 833
3 5 3
181 39 4695
30 96 1713
6 157 110
307 24 849
589 5 1411
14 415 4846
802 2 1428
21 286 4126
28 157 3956
4183 2 3432
1129 7 6732
317 13 1569
586 6 1145
1 8449 8039
81 31 2216
101 11 1053
10000 1 5001
2 3232 3272
4731 2 6197
5 409 1927
31 124 2938
475 19 6296
8 157 1016
6 1531 5833
1 1027 576
1 4147 2482
34 198 6045
545 5 2126
25 251 5888
6 1269 5987
1 1629 1305
7 344 1690
21 105 1940
121 41 387
5 1370 6353
6 561 2211
1355 5 4657
22 44 939
2 2433 4083
263 29 6306
2972 3 2947
4 16 51
36 38 63
1005 5 3159
7 641 4138
2 4225 6639
2252 2 1217
195 39 6652
5035 1 121
2 2602 3452
2 2385 1847
14 423 4957
30 123 2006
5978 1 3913
107 66 6299
120 22 1507
68 79 4696
701 5 3197
29 275 6023
416 4 1490
209 2 273
234 6 1093
337 28 7586
2 4007 4633
1 4163 2372
8 396 1701
25 5 43
10 535 3320
1365 4 2030
674 9 5944
2 383 456
8990 1 6024
6991 1 1255
3 872 1745
3 244 691
824 9 4630
2 4097 3829
451 5 1983
486 20 7339
443 17 5007
7 1132 4970
2 2389 2343
100 100 4999
6 1537 5175
3889 2 7191
73 103 6257
1201 7 6192
2749 2 2313
913 3 1782
12 607 3549
9 690 4007
151 3 41
1437 5 5079
7 1021 2751
28 348 5721
7 1363 8236
2 443 879
309 13 3688
3 1047 2306
1792 5 5532
1841 2 3646
4489 2 6971
3 1987 5485
28 189 4035
106 48 4961
183 9 1175
2564 2 4796
950 5 2712
2 1097 1138
4 1420 3847
27 311 7557
3 51 83
1265 7 4487
11 353 2968
1 3709 2514
4 404 948
8 277 1642
1 2938 2835
339 2 438
33 263 5747
646 12 3224
6 556 581
23 23 11
9894 1 7099
292 32 7390
206 10 1363
6365 1 4571
3 5 1
349 13 4133
206 2 328
226 35 4371
5 301 971
3 1613 4644
96 28 1024
3 98 188
61 79 1119
9999 1 4999
2 1321 2553
2417 2 3680
2 945 1540
67 119 4050
3 3079 2271
93 27 1545
32 112 2098
53 11 528
5 3 10
349 3 559
73 131 8061
107 11 784
1 8971 271
718 10 6310
524 11 5382
59 166 6481
4937 2 8162
34 238 3682
2 1369 1729
1 10000 5001
78 10 691
4 1852 5552
30 276 6426
2699 3 5162
981 9 8789
2 1523 2658
2 1340 1528
4 2251 5514
662 6 2578
142 53 3026
255 23 5438
6 1482 4977
107 51 2838
3 859 1489
1367 2 2507
1290 2 2228
263 21 2945
18 313 2940
1610 1 1369
7 1136 6570
36 19 496
58 88 2925
13 21 189
4 2004 5817
3106 2 5070
1 6794 6566
6 1113 5054
35 263 2122
226 8 1726
2 4835 5032
287 2 371
967 2 1383
12 499 5805
220 25 3540
73 125 3593
1 5164 3797
10000 1 4999
2651 3 6150
166 13 997
2 2526 364
3 2051 5105
1121 2 760
139 46 3707
6 1562 8062
251 4 801
226 38 1539
3 2887 5057
1 8103 7697
3 2825 1643
7 294 265
1 8793 5647
31 109 1015
22 367 4524
13 703 6945
1043 1 862
7 462 2645
295 9 1580
21 426 7180
2 25 29
77 8 390
10 284 1937
1498 6 6873
1 8756 6816
7 1139 7938
149 55 7239
22 31 468
149 2 251
3159 1 2951
227 39 3935
2 2148 2973
527 11 5139
51 159 7462
358 22 237
325 19 3872
4 1772 4607
32 295 6507
11 454 2916
1 9 6
323 8 2278
345 25 7746
23 333 72
728 5 3190
339 2 369
41 109 2686
37 269 8777
146 37 3869
5 1555 7612
1 10000 5000
77 19 1115
4831 2 7161
4703 2 2042
574 11 3977
2 2 1
5 3 6
1611 2 2279
1132 7 6900
71 40 1606
826 7 5615
9 1067 8792
30 333 8080
6 1341 5451
182 5 863
3511 1 851
69 110 5289
100 100 5000
47 184 8564
22 236 4933
1405 5 4502
807 4 2473
419 14 4919
860 6 2905
4613 2 4962
9 1 6
656 4 2218
9 957 8543
1987 5 6854
3769 2 5340
11 878 7239
100 100 10000
33 31 553
2 546 385
27 129 530
699 10 6777
2669 3 4506
545 3 671
101 41 4052
5 1651 2817
3705 2 5017
849 2 1646
2677 3 7926
1331 5 5014
739 8 1318
5 1067 5065
134 41 5278
5 2 4
326 12 885
4362 2 7690
241 23 5459
319 27 4999
2 4238 7314
2099 2 4138
6 1641 6043
2 4072 7550
3974 2 7054
4 211 423
2 4421 5065
53 64 1786
67 131 4424
718 10 6287
78 102 452
2 1732 865
30 329 1021
7 62 296
3 1241 1984
22 404 368
2 3951 4298
18 446 8004
7 1013 720
37 160 4086
1 10000 10000
403 19 5520
8 736 5195
20 201 2231
10000 1 1
3 5 8
53 7 205
22 317 3747
1503 5 6945
81 85 909
7 910 3413
1494 2 2826
1159 6 5513
18 490 2088
5 1055 3767
2 2572 3538
6642 1 2864
2529 3 4719
4231 2 5371
3 491 1226
1 3427 3297
5 3 2
100 100 0
240 8 1590
2 1933 3085
11 537 5503
1282 4 3836
17 151 2485
851 3 1872
163 7 700
3 2708 4654
2 4463 4693
536 15 4941
2201 2 3329
3134 1 2743
761 10 2014
2 2451 2721
2 1094 2055
1571 3 4693
47 28 686
1158 3 2661
203 28 3099
543 4 271
49 121 4624
7 7 32
2 1213 895
71 131 136
3 2671 7827
503 10 4978
3 2869 6681
1533 3 3308
60 94 3622
298 3 518
5 3 11
839 7 1853
7 1330 7282
409 17 1114
577 10 4389
29 149 514
3063 3 645
4129 2 5045
47 184 8343
1003 2 1611
9 289 1927
1503 5 7038
127 50 6082
23 356 5692
131 41 4098
1412 5 5760
24 304 5226
5 3 5
14 524 520
15 75 971
29 13 362
116 5 548
2081 3 4832
2 2606 3953
68 129 4667
4 1008 4021
3 5 15
13 47 97
1412 7 5818
2 3956 5163
2585 3 7330
5 3 9
39 140 3856
1 8360 6898
10 85 27
25 116 1891
98 37 899
1080 9 8891
1 6524 1048
12 601 4797
362 14 2818
11 683 6613
27 67 273
387 7 1694
2221 3 6230
3 5 5
2 1501 2045
1603 5 3784
13 107 1091
971 8 7652
67 29 1786
5 1035 3882
551 11 3304
2 4222 5072
4 76 136
3 1565 3396
114 53 637
839 8 1746
4 1415 5082
22 173 1903
505 9 288
1630 5 6473
1 6764 4300
2 1541 63
1566 2 2912
3 297 720
1075 3 1416
176 23 3930
3263 2 6395
3 1997 2399
2 4036 4217
161 4 455
5 1451 6149
19 443 5353
4 797 2682
1 4952 3601
7 856 4121
1660 6 5550
5 269 207
33 208 5211
14 113 1239
691 5 1724
7 773 4206
3563 1 2445
59 161 7679
21 137 2261
314 3 941
2 961 1101
95 37 3242
131 9 1016
19 393 4272
4 702 401
4 680 1284
1805 4 3638
2 3023 5264
43 202 4489
1101 7 5773
4449 2 5057
2 729 182
68 52 624
74 22 1492
894 3 318
2711 3 4830
471 9 2086
41 146 3909
2 2428 4716
1019 6 3996
10 814 225
8 789 4229
1 1 0
4 2050 6712
11 389 2721
17 208 2517
10000 1 5000
3 681 919
10 353 1789
1233 5 5847
4574 2 5198
4 1555 4865
16 528 4441
2156 4 7667
2 349 412
101 13 698
1607 3 1806
284 17 2347
190 40 362
15 50 428
5 3 0
47 111 4447
1 401 242
16 592 6507
8 332 1447
90 12 604
45 43 1511
11 391 4150
100 100 5001
79 111 8351
