100
1 16 8
8 2 11
1 15 0
3 3 5
1 9 6
15 1 7
15 1 1
5 3 3
16 1 9
2 7 5
5 3 4
8 2 2
1 7 2
5 3 14
5 3 0
4 2 5
4 2 7
4 4 0
3 4 12
16 1 8
5 3 11
1 15 6
1 1 1
3 5 10
5 3 10
8 2 1
8 2 9
1 1 0
3 5 15
2 5 9
5 3 2
15 1 0
3 5 14
1 15 8
3 5 11
15 1 6
2 4 4
4 4 8
2 6 10
7 2 8
4 2 8
1 16 0
3 5 6
5 3 5
6 2 7
5 3 7
16 1 1
5 2 10
15 1 8
5 3 13
3 5 0
2 4 1
5 3 6
5 3 8
5 3 9
4 4 14
6 2 10
4 3 12
5 3 12
3 5 5
1 16 1
3 5 12
3 5 8
7 2 10
1 16 7
16 1 16
2 2 3
15 1 15
16 1 7
4 4 13
1 15 7
1 15 1
3 5 7
1 16 9
3 5 1
4 3 11
1 16 16
1 15 15
9 1 6
5 3 15
3 5 9
6 2 9
16 1 0
2 8 2
3 4 7
4 4 16
3 5 3
3 5 2
1 11 2
4 4 9
2 3 2
4 4 1
3 2 4
1 13 0
2 3 1
5 3 1
3 5 4
3 5 13
7 2 12
4 4 7
