100
4 2 6
10 1 9
16 1 7
3 5 9
3 5 6
5 3 14
5 3 10
3 4 11
1 1 1
2 3 6
2 2 4
4 4 16
4 4 7
7 2 14
2 7 0
3 5 11
4 4 10
15 1 8
3 5 15
16 1 1
1 16 9
3 5 4
2 2 1
6 2 8
3 5 13
1 14 12
15 1 1
3 5 3
3 5 8
5 3 4
3 5 2
15 1 15
1 9 6
5 3 8
2 5 8
5 3 0
3 5 10
16 1 16
16 1 8
5 3 2
4 4 9
3 5 1
2 5 5
1 15 6
3 4 12
2 2 2
5 2 9
3 5 0
5 2 3
5 3 15
3 4 7
4 3 12
3 5 5
1 1 0
15 1 7
1 16 1
5 3 5
4 4 1
1 15 0
4 4 8
9 1 6
5 3 12
1 15 8
5 3 13
5 3 7
2 4 8
1 16 0
4 2 0
5 3 9
1 16 16
2 3 0
7 2 10
1 16 7
1 15 1
1 16 8
3 3 8
16 1 0
5 3 6
2 2 3
2 7 6
14 1 10
4 4 3
3 5 12
16 1 9
5 3 1
15 1 0
1 15 7
7 2 4
5 3 3
1 15 15
3 5 7
5 3 11
4 4 0
2 7 4
2 6 3
4 3 6
3 5 14
4 3 11
15 1 6
2 7 10
