13

201.29554834 79.47786031 59.82261218
2
28 12.58097177
58 8.97155939

41.49394423 37.66060221 33.45076571
2
14 6.91565737
3 4.97217197

98.95369395 54.26264679 47.19993458
4
2 12.36921174
32 8.48707742
4 6.98920055
14 4.22756725

74.00738864 133.28523082 133.93155175
4
36 12.33456477
46 8.48064979
24 9.44651271
21 11.33259069

65.63813292 72.32327907 59.35806364
3
33 8.20476661
17 6.65886523
18 7.51175180

109.48688312 47.94439093 36.47467796
3
34 7.82049165
17 5.69616803
1 4.61091998

53.15212472 125.13462724 61.66919772
5
15 13.28803118
2 7.42389033
3 9.36115803
4 6.06822430
16 7.03838899

165.16653748 104.84697119 96.69207653
3
63 13.76387812
6 5.23202238
14 10.25948397

92.83310995 93.08754257 54.69432086
5
52 9.28331100
1 9.01521184
4 3.27979867
16 7.33076000
10 7.53357414

162.04682690 80.36296054 64.84965735
5
10 13.50390224
3 4.65299267
19 10.62430681
18 10.02451236
27 9.74533462

126.98878078 66.07454625 36.47109017
5
63 7.93679880
8 2.73048858
15 3.04056482
33 2.79511918
1 7.14859734

142.40139032 111.54837882 109.53361620
5
45 14.24013903
15 8.51273496
10 13.12140766
6 6.17943446
17 11.08012002

58.44458575 54.63230798 51.79852543
4
5 7.30557322
3 4.93341886
41 7.20115260
3 4.85100119
