100
4
2 3 4 1
4
3 3 4 1
4
3 3 4 3
10
7 8 10 10 9 2 9 6 3 3
10
2 3 1 10 3 5 6 7 8 9
10
3 6 9 2 6 5 1 3 3 7
200
65 198 12 191 54 129 4 30 39 26 15 9 188 37 80 87 118 120 197 181 149 130 60 7 3 65 58 125 151 95 130 44 161 131 176 113 147 129 104 48 26 175 30 189 128 161 91 39 157 181 85 42 184 72 194 49 163 37 181 77 80 142 2 136 10 31 124 136 13 179 139 56 168 155 189 111 155 130 35 181 12 109 75 85 137 133 9 73 107 95 70 70 35 68 59 91 189 200 131 199 66 106 21 24 199 102 29 165 149 164 9 113 192 118 152 53 12 129 134 49 188 123 143 5 200 146 198 42 142 168 20 129 144 101 1 71 51 80 117 61 63 136 55 175 80 173 59 33 83 121 20 151 111 95 171 4 53 86 38 156 150 137 133 166 114 174 90 78 66 78 178 4 164 142 28 41 150 88 47 80 179 57 1 18 101 46 21 98 54 57 13 82 22 26 161 150 179 136 101 194
873
791 360 616 370 264 606 82 101 225 455 468 34 194 281 188 186 118 787 324 343 538 428 16 156 169 491 73 238 740 402 612 657 588 52 737 743 133 76 80 519 799 330 648 751 824 440 692 532 775 361 559 636 58 644 748 742 458 469 572 435 753 711 203 107 165 567 287 85 406 484 590 513 841 213 866 693 171 57 71 830 351 845 537 488 357 262 35 8 453 554 312 230 698 247 846 660 38 509 282 127 433 147 249 243 174 741 11 732 724 61 683 346 681 637 767 628 392 114 420 344 457 512 375 8 671 834 299 142 335 271 717 240 426 97 67 210 517 377 805 91 710 363 627 409 255 809 697 718 833 582 175 151 195 105 327 556 837 285 422 251 350 315 84 72 800 450 2 669 580 183 815 410 521 652 678 704 577 397 378 233 544 109 63 345 88 144 547 832 290 403 818 79 18 772 33 436 446 135 641 421 464 279 164 92 723 217 137 869 204 396 56 122 635 578 738 296 541 650 459 221 364 292 336 690 843 74 562 45 804 757 28 807 189 131 515 307 7 116 337 123 201 868 713 518 699 552 385 642 571 303 557 310 608 736 451 695 534 55 748 701 700 284 432 731 314 694 761 220 160 720 847 617 95 19 113 854 570 246 323 680 419 688 860 689 558 602 448 463 615 750 813 729 117 184 14 493 250 863 842 579 456 417 54 384 89 461 735 254 785 639 355 237 229 391 858 270 659 340 130 263 624 154 867 280 407 808 721 516 651 486 649 759 609 150 727 765 766 806 820 604 625 722 574 140 47 466 342 478 365 108 610 1 408 390 401 593 40 253 524 206 812 502 129 565 857 289 598 447 239 634 790 257 679 655 797 248 305 476 68 728 405 3 499 676 55 496 373 326 411 445 647 793 362 301 643 176 581 149 798 209 371 599 633 226 321 319 855 401 749 44 631 394 438 726 508 560 387 495 441 664 400 49 128 155 841 536 533 712 437 542 844 317 529 500 260 687 475 395 377 527 583 348 275 158 494 671 490 674 176 199 862 258 179 487 575 245 551 99 762 222 755 388 626 22 277 102 434 77 814 215 320 638 112 185 265 686 29 86 462 352 256 781 546 601 823 190 777 126 665 828 223 306 408 227 414 576 564 308 141 180 132 503 228 439 465 383 30 125 822 313 618 641 372 278 134 530 836 412 758 796 870 865 392 831 187 111 816 658 295 653 41 778 640 607 784 94 801 244 234 208 146 112 646 302 338 214 716 177 136 454 667 81 170 416 788 4 715 369 100 685 540 269 452 216 819 605 802 231 759 851 632 219 770 528 32 619 861 335 291 207 259 332 479 780 592 157 138 708 776 173 849 36 347 386 473 555 13 817 600 481 139 322 545 205 656 232 382 661 66 399 489 21 826 810 838 603 568 724 786 294 566 783 803 353 12 623 117 829 172 733 37 852 283 505 197 549 62 629 773 15 596 709 376 704 272 746 707 760 143 167 286 101 325 212 166 483 196 645 120 98 591 672 393 539 514 20 682 218 677 763 714 587 39 266 300 585 242 309 663 662 379 356 367 470 684 104 349 26 374 318 389 621 23 507 553 60 613 48 334 24 840 782 595 273 873 482 764 25 795 848 341 333 181 498 182 211 714 526 380 103 124 6 43 577 768 276 506 59 752 368 10 93 839 675 354 193 769 477 835 449 774 274 706 531 584 358 53 522 512 563 783 511 96 745 339 569 398 467 332 252 620 703 235 794 200 789 630 163 381 460 734 148 622 725 523 730 224 236 119 702 359 497 617 70 666 719 192 510 331 427 442 696 42 474 492 443 561 178 654 430 304 65 404 153 485 27 548 429 159 152 69 673 202 853 191 129 46 268 293 423 75 827 316 504 261 431 472 87 550 329 439 792 852 859 162 744 856 444 691 754 402 586 424 739 425 501 573 413 106 473 311 488 198 779 415 871 756 51 864 366 161 288 328 78 520 9 297 821 90 298 850 670 418
320
20 42 197 22 267 11 173 271 316 124 116 97 317 47 20 300 242 55 244 156 318 204 195 74 177 147 243 55 52 115 235 59 68 314 46 231 42 120 159 140 292 260 189 306 298 5 316 121 140 274 226 241 221 36 293 19 190 264 211 108 283 272 73 60 121 145 51 122 62 84 174 161 219 54 266 213 176 69 265 259 253 319 185 14 265 244 127 139 243 280 79 309 302 222 270 232 289 71 295 264 35 54 24 228 126 221 256 144 143 18 315 29 223 28 10 125 174 274 38 110 88 70 118 145 48 320 275 207 237 279 122 94 270 214 196 276 284 183 100 217 305 249 6 187 149 292 193 255 299 148 155 266 32 7 167 273 142 134 250 194 47 271 110 64 22 216 136 312 166 21 108 261 271 113 195 310 94 199 151 101 307 94 76 76 198 225 251 277 89 25 99 186 297 227 103 212 49 137 81 256 55 305 302 312 42 297 208 96 80 202 234 154 165 230 252 90 209 249 97 305 175 56 179 45 290 307 158 13 216 87 247 180 167 150 95 252 105 37 256 159 178 238 219 269 138 61 207 234 149 52 176 152 192 129 282 30 119 229 285 311 302 51 164 252 315 17 175 3 51 286 43 83 270 104 117 194 26 153 251 135 150 224 138 296 132 188 160 148 169 306 306 126 210 105 32 107 123 254 78 198 235 160 208 29 33 170 268 175 12 283 11 263 137 95 112 257 15 85 208 99
50
32 38 24 34 45 19 5 35 30 39 30 37 46 39 32 23 42 10 17 39 6 39 13 15 9 5 24 46 27 29 29 42 15 9 13 4 22 26 31 28 24 16 9 6 14 9 3 16 40 30
997
813 969 892 811 796 613 716 636 366 246 114 241 278 833 531 492 102 519 920 111 270 576 128 372 188 153 535 411 921 80 33 322 673 78 972 931 717 21 614 692 725 989 182 343 199 206 624 426 365 958 667 51 406 995 317 300 444 894 403 959 153 236 910 826 208 349 157 913 103 507 608 453 981 831 143 309 379 473 547 30 461 625 464 888 748 277 763 207 233 742 900 906 266 382 663 710 105 844 404 50 34 755 549 596 312 417 735 537 32 63 234 52 303 151 197 392 421 590 514 436 314 194 639 39 922 845 580 602 427 859 820 951 738 335 152 563 772 520 760 882 573 843 415 712 327 631 351 136 657 64 298 610 356 235 866 24 67 477 29 482 222 804 107 419 977 647 533 120 834 100 201 562 407 44 195 238 790 676 909 861 537 958 123 961 616 207 509 259 420 672 74 637 898 409 175 83 971 644 575 995 176 378 904 247 71 768 186 760 148 184 535 15 331 443 77 599 376 207 151 426 908 117 550 10 942 124 169 232 675 12 430 274 80 955 512 867 932 126 145 745 660 125 145 134 220 141 357 417 260 420 393 674 182 583 544 205 922 762 505 933 222 971 344 717 721 598 399 917 644 698 995 45 149 487 730 346 348 936 62 993 513 9 956 363 85 609 581 135 901 483 217 47 72 952 402 8 529 151 447 250 225 936 170 168 116 582 627 8 142 548 231 162 59 841 805 775 183 372 973 275 841 17 933 394 483 463 138 619 608 336 791 511 604 277 557 856 845 148 782 446 962 709 5 891 898 612 653 203 708 806 295 851 310 285 288 646 455 777 694 711 435 513 802 287 570 860 361 432 693 252 195 781 634 202 177 76 268 707 741 485 422 645 931 233 95 527 518 662 94 517 764 751 384 305 753 256 448 601 728 784 373 982 773 111 7 789 277 678 560 965 887 528 448 794 734 175 863 878 517 250 117 914 880 167 672 54 450 193 699 267 737 850 84 935 266 896 950 561 267 431 886 611 172 880 375 255 847 912 865 968 714 168 223 5 967 333 458 269 498 680 79 662 295 758 960 452 78 740 729 716 658 691 574 23 919 305 282 216 962 42 615 7 325 736 410 382 945 367 167 109 556 336 82 926 181 135 314 332 577 524 701 221 459 313 626 369 594 732 798 853 558 98 215 42 727 81 817 779 828 41 681 618 375 163 245 453 987 819 622 611 776 733 926 629 776 663 130 313 467 70 353 849 931 35 862 927 161 128 785 992 565 806 634 458 339 472 433 996 254 868 983 16 746 260 541 218 251 738 69 363 485 396 617 664 929 75 166 588 948 489 401 311 495 210 370 163 563 420 879 846 984 37 573 809 187 28 789 534 28 237 552 805 932 595 77 521 818 601 61 449 659 540 829 209 377 171 818 619 618 829 38 873 891 897 918 60 429 390 977 440 800 984 322 852 239 571 412 869 879 129 319 456 855 67 821 588 272 64 640 875 935 339 174 935 938 268 976 248 273 43 771 88 536 131 960 528 159 500 810 73 970 190 661 822 793 991 42 939 606 359 705 945 413 416 293 395 224 622 627 93 685 268 761 799 252 837 68 371 651 513 438 467 465 291 763 216 501 940 867 814 871 689 532 91 176 150 788 279 425 924 621 861 53 229 638 923 465 186 308 655 631 156 437 650 107 559 893 814 982 824 839 121 355 488 421 792 286 14 303 244 884 827 951 952 827 945 740 326 853 208 292 95 812 313 889 112 231 4 524 484 440 443 679 842 870 11 584 527 953 105 388 99 11 731 405 907 376 133 620 684 786 746 635 249 155 280 882 468 347 387 413 446 123 299 532 754 843 196 140 448 232 997 551 924 773 879 545 276 556 977 248 642 85 569 301 579 983 614 240 747 154 3 718 774 488 460 876 304 428 890 302 795 536 525 289 479 735 441 660 317 358 196 901 607 12 618 970 177 451 192 750 603 325 465 227 127 242 949 980 551 110 567 263 543 792 297 368 349 990 726 26 686 641 945 259 52 58 298 670 675 825 31 158 345 516 2 400 193 295 687 503 572 116 56 949 586 303 191 81 770 393 858 542 633 217 704 204 352 906 719 320 364 185 164 286 765 515 875 502 566 475 551 965 385 30 328 481 902 378 355 883 37 962 863 884 131 827 57 762 963 391 632 49 699 208 212 441 50 157 457 724 794 957 69 933 39 190 920 483 139 324 837 836 597 928 166 629 25 476 506 832 493 827 877 909 479 567 887 676 418 857 442 354 363 360 941 585
20
16 18 14 18 4 13 9 14 7 4 7 19 18 5 9 11 19 8 10 16
100
65 6 63 59 41 66 96 77 90 80 31 76 48 35 91 33 21 49 82 23 42 56 93 89 45 57 34 14 67 3 43 86 61 38 94 74 13 34 51 53 81 70 8 20 97 29 12 9 73 5 4 79 68 55 75 25 78 72 46 58 36 11 2 30 98 37 15 27 100 18 88 32 83 99 60 40 24 69 16 84 19 10 44 47 50 64 28 17 85 95 52 54 1 7 71 39 26 38 62 92
870
770 706 260 359 303 513 444 826 237 688 333 208 331 101 669 280 261 83 414 442 239 289 605 704 158 556 556 836 658 498 387 337 315 604 72 168 418 550 337 82 502 612 614 369 470 848 521 590 330 381 477 835 670 798 656 178 575 743 733 861 495 129 494 381 340 527 529 309 637 513 400 292 510 757 695 517 468 192 654 568 101 713 84 523 140 569 268 102 632 671 35 765 380 522 693 240 736 130 389 258 841 493 350 493 660 800 743 157 820 572 78 637 396 223 158 488 456 107 746 790 548 427 827 420 357 150 173 767 503 485 63 58 226 591 559 832 625 184 743 67 135 407 398 851 48 162 443 647 300 109 535 824 690 585 609 43 518 565 153 427 186 108 486 266 8 859 532 362 633 365 815 100 676 773 688 771 698 462 798 405 14 434 334 500 690 529 487 664 496 534 155 203 438 734 448 438 516 596 154 122 799 800 540 69 207 869 512 453 473 561 690 393 40 29 831 144 255 158 61 249 339 82 429 529 609 487 156 681 817 768 149 819 758 622 585 681 190 349 545 403 272 74 204 739 341 26 652 654 310 254 761 198 332 464 724 562 233 403 865 78 514 548 102 140 844 534 291 300 393 671 249 631 530 34 177 530 776 289 297 184 253 777 558 138 398 763 559 233 318 79 752 62 272 619 694 381 133 510 705 432 565 53 320 469 646 43 578 449 304 77 27 377 849 814 616 642 231 430 81 560 629 431 372 51 400 462 122 861 713 589 543 2 399 444 664 446 260 328 96 11 257 82 79 628 281 141 289 111 613 644 396 689 563 651 289 208 710 65 170 34 711 862 789 613 595 93 149 80 67 141 175 217 128 728 96 251 793 44 606 771 835 203 582 184 99 782 385 535 367 93 130 57 845 628 478 809 428 380 625 112 772 187 629 600 337 453 117 444 708 673 170 234 737 651 283 573 821 780 739 349 800 448 501 132 778 802 524 372 1 172 50 621 553 89 624 864 797 800 655 204 164 665 828 329 718 512 207 831 585 489 306 216 705 396 720 17 727 48 158 108 813 212 259 91 30 532 437 343 659 641 4 367 34 177 396 357 261 858 80 166 745 517 7 143 569 590 104 723 638 405 408 466 229 630 206 684 860 824 616 774 672 590 663 747 334 264 472 369 33 822 529 387 358 620 564 198 91 472 545 374 248 155 431 578 493 291 574 501 622 25 27 683 106 527 366 456 411 515 52 434 704 62 401 782 742 172 38 313 627 830 687 632 697 599 260 214 156 788 133 571 580 275 769 98 520 717 843 828 717 162 526 555 644 760 367 807 38 199 771 210 135 489 299 99 838 83 219 687 443 498 274 208 159 740 45 446 152 780 375 434 790 6 358 34 232 397 643 676 734 369 579 825 179 151 337 787 293 16 18 870 137 40 214 242 790 458 39 384 840 854 811 774 561 630 274 867 497 461 244 801 758 794 17 395 712 60 252 516 691 501 22 797 89 46 563 43 569 703 69 330 480 806 609 643 176 811 593 302 859 307 24 523 87 662 767 801 759 369 746 426 187 644 611 126 161 276 733 846 835 185 849 740 762 146 105 382 850 270 546 91 765 371 439 405 262 728 691 242 548 794 59 752 74 75 323 756 212 696 396 572 650 642 48 623 642 28 258 303 534 255 75 395 685 745 309 757 193 375 602 103 153 9 350 825 466 172 354 284 82 582 822 750 368 848 666 122 436 163 464 643 47 389 487 84 179 365 844 788 858 560 759 867 459 562 853 754 681 533 566 598 159 773 28 747 441 833 170 114 404 148 392 116 787 466 297 517 830 437 376 707 131 210 182 61 212 339 825 649 31 510 141 440 115 3 758 861 423 415 347 755 579 422 274 812 239 646 487 355 595 544 588 786 538 67 811 743 437 356 755 852 314 737 27 400 567 327 412 527 328 502 615 75 518 161 100 767 846 485 820 170 756 324 205 173 607 233 677 3 660 201
100
42 82 50 52 59 31 14 26 2 25 22 17 23 32 100 41 45 64 99 13 78 51 19 58 62 16 18 76 73 11 65 95 40 20 21 46 91 54 85 63 43 75 97 94 49 1 36 24 77 84 39 27 33 35 92 30 67 72 70 37 28 15 5 90 83 93 6 55 7 66 79 53 89 38 87 34 56 3 48 29 69 57 98 71 80 4 8 47 10 81 88 12 44 61 96 60 68 74 86 9
20
18 9 5 1 14 14 12 15 17 9 17 18 3 4 2 8 1 12 17 12
50
19 28 26 38 12 49 23 18 2 11 3 34 32 37 10 38 35 9 6 25 47 7 33 50 39 17 17 20 22 5 42 45 4 13 44 5 36 24 8 42 40 1 11 15 37 20 41 18 47 22
50
40 29 37 39 43 31 9 50 28 29 37 9 19 13 8 19 36 42 29 50 42 12 13 25 30 45 20 32 48 49 32 3 22 38 17 38 2 26 21 49 47 27 16 40 46 34 27 9 24 14
10
7 5 6 10 3 2 3 4 1 3
571
177 42 299 159 415 5 185 184 387 404 435 9 10 479 19 487 18 350 349 59 498 501 416 80 304 107 275 103 419 241 135 562 436 156 420 381 357 483 389 286 157 538 449 229 346 359 117 469 66 376 163 477 522 178 57 353 254 458 50 497 400 130 559 125 46 529 102 140 70 500 297 171 502 197 289 339 396 302 183 149 309 513 411 552 267 527 256 180 48 95 493 214 236 422 274 324 310 33 385 431 49 456 445 365 424 170 7 408 104 398 174 247 384 332 47 56 121 402 292 279 63 567 22 555 108 433 409 348 356 191 345 397 531 546 129 90 459 358 455 148 453 106 326 61 69 179 428 45 201 382 474 128 260 525 188 308 524 463 366 311 54 223 218 282 293 53 209 165 368 370 265 203 204 261 216 230 391 532 142 564 290 205 444 213 58 340 446 347 542 12 506 175 32 217 305 448 388 390 2 124 423 79 327 44 515 489 495 186 362 207 52 73 195 508 41 556 557 369 190 363 475 430 64 367 87 111 81 114 499 547 77 539 285 221 429 312 300 40 252 470 181 553 239 245 116 426 537 83 243 412 160 233 568 481 361 173 378 565 35 250 386 560 451 120 490 550 287 20 3 38 535 145 242 136 143 137 16 96 36 510 514 335 4 193 505 360 85 563 258 454 472 92 91 82 270 263 295 569 511 379 509 234 225 403 315 337 131 34 484 189 251 28 123 228 494 440 534 457 141 172 152 341 262 126 414 154 75 150 443 334 68 373 329 199 15 13 151 336 62 67 322 283 476 222 307 516 518 526 551 468 146 84 244 110 317 43 281 273 113 478 407 259 488 405 8 364 383 51 450 333 434 97 541 88 219 321 570 276 523 215 486 328 224 65 491 471 375 119 39 319 1 503 418 466 161 30 467 492 549 473 169 394 372 461 561 421 182 162 504 155 17 298 226 72 482 530 211 554 94 99 380 272 406 439 512 246 520 208 318 545 164 27 278 291 220 98 464 325 187 316 11 571 351 202 134 392 517 133 238 401 437 566 198 231 139 194 21 240 71 465 338 344 158 296 425 536 442 331 14 26 86 371 280 543 480 343 232 31 533 78 284 540 257 227 89 374 37 23 138 438 167 354 122 109 210 200 118 235 303 29 352 212 176 93 249 76 377 74 166 330 269 460 399 277 255 127 417 410 6 427 237 301 320 24 432 528 548 268 101 441 196 168 485 313 271 60 413 144 519 447 558 544 306 25 393 248 105 112 294 266 100 355 206 462 496 192 147 314 115 323 342 55 288 264 521 452 395 253 153 507 132
165
159 124 6 129 157 143 8 48 32 25 146 60 118 153 161 135 115 98 103 50 22 81 46 129 78 107 58 164 42 151 83 97 26 160 55 41 28 153 44 32 63 139 42 4 90 18 107 7 113 87 38 128 125 105 65 49 104 13 130 82 162 103 71 8 35 160 112 100 63 16 69 86 84 147 5 48 57 127 81 157 17 163 135 1 35 10 20 67 52 89 73 94 109 66 50 131 12 78 138 54 26 24 51 35 153 137 76 23 107 123 129 137 154 102 21 110 134 148 127 155 160 40 131 128 106 89 42 27 114 43 47 114 147 138 83 122 112 26 127 9 31 9 44 104 105 159 13 65 23 15 119 25 62 110 27 120 53 98 78 19 40 109 69 159 15
1000
469 34 240 659 487 586 129 600 230 902 510 455 844 663 39 302 283 94 727 632 280 827 688 838 675 843 765 976 144 739 103 462 709 2 59 465 99 18 15 731 43 116 41 644 921 253 518 521 403 744 648 735 141 687 855 530 692 625 35 574 10 593 683 621 945 330 98 436 821 899 87 249 639 106 77 794 75 810 677 580 979 501 989 23 747 80 71 846 798 329 618 920 623 68 534 825 111 67 37 156 393 796 31 255 585 74 216 113 287 751 97 466 582 429 853 42 289 720 125 835 494 299 583 596 119 792 44 423 532 992 969 662 531 271 640 757 660 245 241 894 53 194 475 573 936 257 512 762 699 603 808 752 395 873 373 505 834 778 440 770 448 499 200 210 206 270 849 481 656 357 259 224 840 435 607 947 560 508 238 422 773 708 763 854 162 450 79 498 865 370 328 852 382 142 701 197 196 369 613 711 343 826 225 218 442 860 960 430 488 819 820 264 868 327 461 107 379 204 246 482 645 811 456 172 203 416 963 399 86 415 913 485 414 33 678 780 896 652 269 3 139 385 438 84 425 47 454 800 72 279 722 684 446 612 126 817 286 901 267 301 697 496 491 212 506 533 356 812 323 342 954 995 990 732 411 515 320 549 999 96 948 29 46 738 774 371 790 514 117 540 831 161 516 133 633 102 404 654 122 383 260 182 714 610 938 89 958 789 171 888 753 49 736 715 363 943 710 922 525 892 397 61 138 219 604 630 214 750 90 66 433 561 346 672 571 627 471 685 545 490 599 237 986 981 365 590 742 464 847 554 823 863 386 300 309 135 170 951 391 910 584 670 315 551 345 432 883 547 878 190 355 622 155 362 653 952 719 529 217 504 367 193 511 689 242 353 619 634 463 483 359 730 101 556 352 166 927 175 567 746 968 616 7 65 916 704 815 480 492 27 275 559 946 233 890 226 886 837 889 587 577 180 128 550 478 935 120 163 114 208 676 181 331 467 22 802 70 243 788 159 988 205 745 615 926 406 912 513 980 950 333 993 957 247 12 769 781 681 924 297 783 32 877 578 36 609 671 891 1 536 337 680 349 277 143 509 833 28 870 408 168 220 390 756 737 698 322 842 874 340 263 409 941 637 272 262 771 188 48 985 82 755 679 966 209 598 378 903 389 88 157 602 468 306 276 932 562 334 592 809 693 21 908 787 413 265 806 437 845 56 81 185 266 95 799 296 974 695 994 290 667 814 978 121 594 696 298 973 278 424 421 984 712 350 591 394 964 758 412 177 332 517 776 785 348 939 705 620 104 906 335 451 858 108 706 398 239 879 880 848 608 339 528 288 105 6 420 721 828 983 555 519 62 523 729 124 589 601 341 704 565 930 354 325 682 864 915 581 100 304 822 254 199 869 444 402 975 91 387 568 64 372 93 522 58 904 862 655 784 235 366 900 295 388 364 649 881 961 73 153 5 971 772 850 221 949 186 51 636 1000 830 595 375 624 665 169 374 30 16 933 777 741 14 803 544 317 541 962 919 646 546 476 767 321 25 431 473 779 503 816 458 222 63 252 147 460 54 748 384 841 872 57 470 380 538 629 261 486 149 173 195 213 813 406 146 761 381 861 857 419 310 553 987 548 314 134 907 150 641 605 319 251 925 178 897 569 19 967 274 392 40 377 804 198 52 313 836 158 312 931 754 347 937 50 137 740 293 970 717 307 110 152 311 148 248 606 136 558 20 434 13 791 183 851 628 965 673 793 472 160 497 643 700 285 702 223 661 282 832 236 457 4 191 775 564 666 524 439 308 495 657 11 768 179 407 232 856 797 535 294 991 526 664 733 782 527 893 151 520 78 17 268 703 942 998 336 256 918 928 211 69 611 351 829 576 202 410 760 824 651 291 118 477 940 690 250 418 24 953 396 959 502 26 85 956 658 895 871 167 445 474 192 691 184 55 201 539 674 982 507 9 718 38 187 189 972 884 977 614 479 764 955 154 726 887 542 716 428 60 579 127 898 227 867 934 417 875 484 500 324 132 284 807 140 115 303 725 882 759 686 258 361 234 626 917 570 944 76 929 360 244 447 231 123 400 405 905 818 669 92 45 318 997 459 723 786 724 215 805 443 707 795 109 885 426 145 743 305 566 635 493 911 316 8 694 338 176 281 427 914 358 376 839 112 563 164 453 326 631 207 638 668 489 557 766 572 728 401 131 165 642 866 229 537 617 749 647 543 734 449 344 859 876 552 292 368 713 174 83 273 801 130 452 588 909 441 923 597 575 650
500
325 495 489 271 359 388 341 458 285 19 317 380 246 142 46 165 204 259 318 276 187 334 197 193 124 218 330 72 274 167 80 186 143 255 91 134 186 400 161 30 159 168 216 134 192 350 436 235 399 260 271 433 423 288 82 37 315 250 258 65 481 269 141 91 203 454 403 276 369 208 101 251 467 103 297 79 89 353 152 163 388 288 103 256 329 387 275 456 491 465 267 310 12 157 462 312 55 316 270 24 243 86 6 414 115 325 485 220 160 157 188 122 241 108 49 463 38 468 477 5 134 483 452 63 489 252 10 108 322 490 429 325 373 240 459 271 27 132 487 157 488 19 125 254 96 366 196 244 27 390 341 75 444 188 184 273 340 319 262 129 337 72 201 272 170 482 61 219 378 410 370 154 42 73 433 403 65 295 477 490 105 18 175 227 162 122 45 70 310 53 218 302 499 417 182 211 203 256 279 117 406 246 247 408 130 202 486 431 376 291 200 405 356 110 365 61 89 405 394 254 470 161 1 269 86 270 194 315 77 23 477 76 407 80 255 449 7 443 281 146 17 332 429 88 174 241 165 95 117 70 301 149 233 215 326 423 105 210 207 78 203 156 314 63 52 111 62 78 402 25 158 47 172 481 464 398 447 440 394 370 228 14 279 202 479 57 29 213 335 266 292 284 209 122 133 500 437 398 464 387 26 251 94 387 99 293 38 157 236 492 472 41 217 148 340 378 103 51 498 18 292 351 474 161 39 196 197 93 205 155 2 357 101 401 266 213 323 269 384 407 427 451 16 55 449 428 15 482 47 221 252 396 136 11 74 98 181 54 349 294 151 29 231 408 245 282 21 23 3 259 313 174 116 48 417 395 65 275 443 176 352 322 160 242 177 392 322 421 100 232 451 494 217 361 368 157 230 116 320 234 65 42 333 310 389 28 430 331 276 125 339 438 345 494 79 450 419 493 476 5 123 267 296 196 329 79 393 315 132 145 349 254 341 357 356 441 314 445 475 259 129 380 238 448 191 171 324 68 306 374 296 390 145 339 185 36 456 469 242 486 95 302 210 354 334 48 166 370 219 381 494 270 313 85 61 285 374 408 32 397 366 153 15 215 212 139 311 84 128 416 66 288 445 92 345 342 69 392 442 35
572
231 211 389 257 46 234 533 417 335 112 201 567 315 237 123 176 200 135 158 512 505 196 157 263 540 86 76 283 479 435 305 365 173 484 20 412 168 323 489 310 546 293 202 51 162 209 97 448 23 120 483 541 13 152 26 506 492 53 401 286 490 464 90 38 342 214 132 530 2 475 131 513 252 385 113 402 281 16 459 30 327 256 404 140 223 70 34 151 144 312 564 225 115 386 254 22 213 228 57 145 491 44 511 195 33 447 376 218 277 212 322 156 299 392 400 544 538 525 272 571 92 507 177 430 59 317 147 187 407 192 399 220 422 238 232 380 32 56 269 163 275 469 563 308 205 343 280 142 35 164 391 497 313 61 235 411 155 78 273 384 230 95 247 63 451 116 40 441 309 180 185 478 336 258 499 360 6 208 393 170 300 436 159 566 311 21 437 477 215 466 329 554 52 374 570 532 390 346 189 153 11 439 222 7 266 73 75 204 5 171 516 236 383 96 274 338 270 349 420 303 17 296 265 301 149 419 429 502 100 472 465 325 488 381 25 526 72 353 358 71 552 318 98 521 561 24 136 320 31 416 366 143 248 481 111 129 216 174 427 421 371 260 169 45 242 442 133 124 316 527 443 39 486 199 181 356 413 467 408 354 74 10 504 558 107 545 450 517 534 494 175 375 64 191 284 452 245 108 279 519 476 440 77 501 498 496 55 89 246 127 424 150 221 331 58 68 406 106 536 454 262 255 396 482 278 139 509 67 543 551 523 455 15 14 8 557 267 294 340 188 241 179 146 128 531 514 227 324 345 110 550 370 445 141 471 276 239 535 37 405 565 568 198 460 137 165 377 539 458 462 364 82 438 194 372 410 367 206 288 84 41 109 423 306 328 229 548 361 537 302 409 559 344 347 307 42 87 510 43 368 463 184 69 28 19 457 114 549 50 285 138 520 298 121 54 515 183 160 556 250 321 29 48 444 562 433 369 36 240 341 330 18 66 197 80 182 65 271 394 226 403 304 193 542 314 528 126 243 388 12 289 480 357 387 351 3 85 524 518 1 397 297 125 352 560 264 233 190 398 337 355 161 27 253 395 224 426 268 470 172 547 348 287 122 104 9 415 432 503 83 88 291 373 290 359 101 259 500 99 249 529 60 119 453 186 244 461 295 81 148 382 414 334 425 219 495 569 130 418 91 282 434 134 487 118 456 217 474 94 93 103 339 178 251 154 117 350 319 326 49 508 210 4 553 47 333 468 446 207 332 431 203 166 79 572 522 105 493 292 261 62 363 378 428 449 473 102 362 379 485 167 555
51
16 7 36 8 46 33 25 50 49 20 26 22 48 32 35 49 21 1 47 16 2 14 42 5 45 3 10 19 40 9 44 41 30 37 29 39 38 39 36 43 34 31 28 6 11 15 24 4 18 27 12
20
10 17 14 6 2 15 17 19 2 2 15 4 15 3 20 8 10 2 11 1
400
298 399 186 164 297 211 289 397 5 111 392 287 374 229 204 152 267 320 375 120 148 277 95 181 363 161 59 48 56 173 197 26 339 249 119 243 307 22 57 117 33 49 305 336 15 300 206 341 172 7 386 203 40 178 21 143 280 359 85 69 65 337 121 75 107 120 242 162 373 275 119 18 382 150 331 23 298 254 304 343 209 17 313 222 340 58 203 387 219 19 321 383 82 367 213 38 334 116 222 319 166 302 32 44 98 378 127 6 108 118 106 43 358 81 332 102 305 89 285 266 117 193 179 204 129 83 8 86 221 144 356 314 183 220 248 91 237 153 20 201 205 55 268 88 383 168 295 283 92 237 342 32 301 389 125 208 128 246 67 237 193 290 29 15 55 351 139 154 211 97 118 100 170 114 69 232 289 329 188 15 363 284 80 2 272 230 313 335 368 356 216 82 192 240 90 87 13 174 2 325 263 307 235 296 46 153 80 62 370 259 311 344 198 149 39 79 337 381 391 241 164 272 147 138 27 97 218 346 384 76 126 323 38 347 30 85 212 190 242 200 227 262 248 68 74 250 10 362 348 257 179 291 231 308 16 247 282 198 200 337 61 369 393 28 340 327 274 377 328 176 3 201 134 284 144 164 225 132 312 318 387 358 51 138 149 391 400 6 98 35 230 250 278 78 245 333 287 299 345 380 109 247 41 183 151 400 84 67 254 323 238 42 316 194 248 175 394 390 70 167 234 326 104 77 31 115 303 215 11 353 134 53 395 246 315 244 37 136 338 223 191 28 24 352 365 50 14 360 168 291 149 165 94 2 141 261 371 251 141 110 293 73 361 209 228 233 253 70 72 57 358 188 349 163 64 155 208 34 33 255 9 330 324 178 327 157 376 200 271 279 294 195 270 143 366 371 322 319 301 196
100
99 81 50 40 66 41 92 73 90 42 30 10 66 50 28 22 68 12 25 33 1 54 58 95 35 98 57 59 44 76 56 1 91 7 82 20 69 52 11 72 4 47 41 39 2 45 62 8 41 34 77 31 60 67 51 20 79 29 24 6 16 57 26 21 17 97 48 14 55 14 52 84 86 9 39 23 13 10 18 9 64 94 58 53 37 61 22 25 81 15 100 65 28 63 74 94 37 19 46 71
100
88 97 62 12 73 61 80 84 90 85 57 4 55 48 27 34 65 66 45 21 20 99 83 87 89 69 15 41 100 50 77 75 56 16 91 74 71 59 52 86 28 67 47 82 19 64 43 14 92 30 76 39 81 60 13 33 11 95 38 54 6 3 70 46 17 18 42 79 26 63 37 96 5 36 32 51 31 98 68 7 53 44 23 8 10 40 24 1 25 9 35 49 94 93 58 72 2 78 22 29
502
402 493 470 258 2 488 418 440 16 1 108 477 158 69 452 448 339 215 403 162 207 467 84 189 302 469 415 256 284 226 372 479 378 23 129 461 417 41 53 11 299 259 58 5 275 40 34 205 66 228 381 72 321 27 459 128 481 97 290 313 190 154 464 194 195 413 345 163 423 412 450 289 307 152 315 292 443 437 435 142 59 171 293 367 115 6 495 208 391 99 359 252 73 408 323 392 150 356 445 496 70 130 320 185 29 12 463 409 262 285 431 325 251 149 78 47 394 232 145 206 425 494 330 28 407 305 462 474 501 340 344 65 49 371 268 389 264 250 135 74 329 104 107 82 447 468 357 364 487 319 312 322 336 465 133 482 497 454 151 174 168 50 279 161 257 397 380 21 449 278 102 335 304 306 218 393 223 136 433 181 173 276 222 303 476 183 318 254 233 373 485 119 219 347 42 147 266 411 255 4 227 71 176 15 43 441 383 475 366 131 502 362 68 191 10 396 103 466 341 424 38 297 55 89 212 405 91 471 100 211 126 25 116 363 430 309 48 416 291 248 277 374 308 404 85 316 224 353 210 300 101 31 214 180 360 37 460 260 231 331 45 138 352 153 451 489 385 117 267 455 148 301 444 387 57 92 334 213 236 333 39 376 398 410 175 500 96 209 184 86 422 62 296 123 288 281 229 44 326 457 179 492 317 427 478 144 294 355 472 199 327 241 46 18 338 193 77 286 14 35 406 121 432 52 182 490 172 270 118 244 243 473 75 197 13 7 446 384 109 420 414 114 370 54 453 386 79 421 434 76 261 94 19 124 169 483 234 298 438 379 137 337 177 125 216 283 239 165 143 106 217 8 375 280 139 365 237 274 3 439 22 178 368 324 230 436 235 36 111 428 419 24 342 382 64 499 198 32 247 249 358 238 343 456 221 400 112 61 204 132 361 491 167 498 332 187 240 127 346 110 140 188 157 350 354 51 60 458 81 80 159 265 486 220 311 95 87 287 348 388 369 30 442 67 395 349 429 192 480 272 314 48 90 155 146 245 63 201 33 56 93 310 186 166 200 26 273 263 113 295 202 484 282 83 271 253 351 122 20 134 120 9 17 390 203 105 426 164 98 225 88 246 170 156 401 269 242 328 399 196 141 160
59
51 11 45 31 40 45 3 56 39 36 47 57 18 4 10 14 37 59 11 8 51 10 28 30 32 7 58 54 47 20 10 35 23 26 9 19 55 11 12 49 5 3 34 42 44 31 16 27 43 33 8 48 47 24 21 1 6 17 29
10
7 8 8 10 10 1 10 6 4 8
10
8 5 8 1 10 10 6 1 2 9
10
7 1 4 8 4 3 4 1 6 7
59
48 59 34 51 43 46 41 56 2 12 5 49 19 32 58 14 30 11 20 7 59 37 10 41 24 58 57 31 27 6 21 39 23 9 2 28 33 26 16 15 53 1 32 22 29 18 4 13 39 15 52 36 50 35 3 19 55 56 54
100
8 13 91 17 78 70 88 99 77 12 38 97 39 65 48 76 87 9 16 89 72 23 66 42 14 36 74 30 80 1 6 59 43 47 54 33 51 31 68 19 93 94 92 7 50 49 52 98 55 83 100 46 3 20 53 44 29 27 62 86 4 60 22 67 18 15 26 34 10 24 64 95 69 84 2 63 85 61 5 81 58 93 35 75 41 73 11 96 90 37 40 28 82 56 45 71 57 25 32 79
10
8 5 9 9 3 5 1 9 7 1
3
3 1 1
10
5 7 8 5 4 1 1 2 1 9
400
95 18 184 354 14 130 250 390 375 321 170 71 236 220 186 380 9 245 135 240 143 81 103 225 214 188 162 124 253 314 28 46 364 373 335 277 197 322 174 62 371 303 366 66 207 65 191 40 179 167 33 274 39 142 327 139 227 38 83 137 305 226 35 151 48 299 190 113 44 53 26 10 319 172 243 259 360 161 58 157 332 171 30 11 232 21 221 119 118 73 42 313 242 210 396 218 141 168 252 268 7 109 292 69 181 386 216 77 329 108 224 152 334 128 257 374 249 158 288 343 112 72 309 122 127 25 266 125 92 116 344 17 262 169 155 102 372 345 261 99 6 110 3 120 291 395 31 55 347 203 134 206 399 235 318 282 287 359 398 295 363 176 378 23 323 50 302 100 93 114 68 367 361 205 317 219 379 32 267 276 129 278 298 331 107 159 178 59 117 150 290 194 275 229 16 233 349 388 49 391 393 392 82 324 189 19 370 89 75 91 348 111 271 316 15 147 355 45 239 346 215 1 228 294 4 43 244 230 195 330 22 243 34 146 279 136 131 260 204 80 64 193 350 13 273 223 198 79 173 338 61 296 362 29 163 166 369 209 94 185 41 246 320 280 140 293 97 340 356 337 256 199 76 286 105 297 85 192 213 74 357 115 251 63 101 60 289 57 121 175 90 385 51 88 153 326 177 307 187 389 36 238 351 47 138 144 270 180 310 241 212 285 341 149 376 284 306 148 5 222 234 247 336 20 183 325 145 126 24 394 400 201 358 165 308 87 160 231 78 365 196 56 237 104 333 272 106 86 211 312 132 54 283 350 37 156 353 381 70 377 300 133 352 342 315 154 384 123 254 27 339 269 98 67 382 301 304 217 2 96 84 258 8 208 328 281 52 263 202 264 311 164 265 397 255 368 200 383 12 182
200
83 186 52 123 52 28 168 85 52 113 73 147 137 36 45 200 144 65 91 157 88 124 68 27 191 61 42 112 183 144 143 141 44 75 55 75 171 97 100 159 102 134 12 20 9 4 184 64 192 157 82 23 110 31 193 128 76 50 126 42 114 159 163 101 118 170 196 110 148 186 152 166 65 48 33 100 92 153 28 14 84 125 60 185 159 134 75 90 71 93 98 47 95 91 24 42 58 193 139 33 180 71 71 139 17 13 69 142 34 86 134 111 41 150 128 51 164 90 109 133 157 83 187 42 191 93 166 22 151 176 117 123 126 77 9 41 195 88 118 7 135 99 66 155 118 121 105 44 189 200 107 116 166 18 144 29 48 167 92 171 128 185 62 104 136 12 104 145 66 40 25 173 29 166 105 181 50 12 73 193 17 18 8 1 20 10 137 117 72 178 12 32 20 143 57 185 70 128 95 187
546
365 376 514 169 148 31 317 534 266 398 233 543 409 29 404 518 178 129 359 88 72 78 370 196 128 411 215 118 508 402 237 286 172 275 366 290 318 432 336 117 451 236 523 123 333 400 303 199 314 20 531 183 109 307 447 53 181 165 524 171 389 46 184 539 234 154 326 322 479 293 480 101 16 98 71 10 397 334 453 346 264 503 287 329 204 75 443 358 5 232 122 1 297 284 345 238 340 57 331 377 296 69 408 111 415 80 197 491 469 85 228 258 414 190 121 383 368 350 304 272 406 97 28 89 222 372 306 298 76 49 229 176 498 327 255 277 426 535 285 446 39 497 157 291 254 407 205 124 32 494 153 259 125 66 54 137 436 380 274 486 374 168 245 438 403 250 412 305 4 92 278 382 260 59 209 13 395 102 50 79 265 466 3 208 100 30 504 388 191 167 159 373 315 120 502 200 343 332 500 19 416 541 384 341 413 116 114 51 526 56 433 93 186 463 141 386 294 107 195 276 210 135 387 295 458 281 41 509 519 103 136 455 139 525 246 14 427 421 422 198 147 513 247 7 52 230 360 126 8 428 160 521 242 68 532 474 425 528 55 156 533 356 337 58 214 231 418 218 470 162 140 67 460 189 492 9 324 60 464 423 227 283 256 342 299 456 83 429 357 461 468 499 96 282 82 21 481 217 248 527 65 43 355 138 420 182 155 243 477 530 179 351 106 484 537 442 437 473 339 439 185 328 24 62 495 113 134 164 177 396 180 240 353 375 450 352 2 478 354 292 401 94 379 40 95 501 419 381 26 44 505 174 45 152 516 212 77 482 472 91 490 226 257 145 522 424 173 99 330 536 161 11 115 81 175 390 321 267 268 506 112 309 225 405 301 392 188 488 61 151 64 216 271 150 449 42 239 452 74 220 110 251 371 201 146 192 130 489 38 262 520 454 84 194 540 430 105 288 143 378 441 289 235 133 369 459 511 6 270 15 23 434 211 132 253 347 170 364 320 507 70 187 224 435 252 476 213 206 104 131 362 158 344 47 90 149 221 448 467 312 48 308 399 487 273 313 367 144 457 538 261 310 280 515 517 12 485 465 17 86 410 417 203 302 510 319 279 223 37 361 166 431 529 394 325 193 142 35 462 36 542 471 87 316 338 18 219 363 241 249 108 73 493 163 25 207 475 512 445 349 544 244 483 27 545 22 300 348 444 323 63 263 440 33 119 34 496 269 391 546 127 202 393 335 385 311
980
60 856 806 8 78 104 192 350 59 726 755 627 837 668 230 532 904 278 687 714 597 465 628 355 373 967 893 827 895 644 516 882 151 848 650 349 422 5 16 490 132 430 187 674 790 105 392 570 204 170 980 743 475 920 886 931 71 46 788 936 658 147 860 485 190 168 667 510 888 702 18 561 703 178 521 527 691 361 532 149 862 684 856 595 692 592 371 447 956 226 928 302 330 871 576 603 72 247 752 689 587 577 801 283 641 300 156 84 142 730 285 919 271 173 720 918 640 812 974 559 117 315 367 167 69 61 748 500 791 236 482 121 3 463 399 717 316 142 825 612 661 975 233 232 409 173 781 796 129 442 721 229 150 299 816 39 356 358 502 130 448 104 134 379 41 504 969 9 677 723 977 188 841 12 958 708 297 871 225 200 176 537 196 250 716 261 524 118 731 676 292 893 942 929 308 923 597 206 780 185 122 704 928 345 142 152 670 792 851 214 745 177 515 451 398 476 460 55 722 591 449 202 400 5 495 440 261 554 581 468 639 567 98 765 89 802 215 469 901 596 411 287 812 864 846 659 470 92 960 218 403 797 752 67 425 522 580 357 340 503 342 233 795 330 808 528 383 425 381 855 57 347 480 586 417 38 565 63 609 749 876 906 883 14 472 927 734 572 264 456 803 377 312 10 417 414 336 269 30 212 697 223 411 954 522 857 638 542 545 52 686 885 319 553 832 669 460 461 382 779 264 679 368 27 910 446 234 56 787 512 258 746 896 208 403 514 754 198 794 649 76 665 870 308 153 161 486 135 90 53 877 36 517 958 326 922 868 282 511 523 360 718 481 690 337 610 362 378 10 451 884 438 265 731 687 536 605 516 839 920 487 458 319 529 244 73 850 25 663 137 731 807 402 213 670 635 340 37 123 662 327 481 404 907 488 227 329 715 462 963 517 22 397 775 949 568 656 493 194 978 916 896 115 351 249 516 386 160 296 766 65 436 6 253 291 164 478 454 513 310 192 732 600 941 572 1 744 166 101 757 127 816 96 171 940 673 557 719 140 125 621 180 604 87 477 742 238 653 207 149 614 50 267 4 492 737 739 538 103 257 869 618 174 944 416 925 821 735 385 339 145 953 255 598 820 921 707 113 403 926 613 659 148 182 578 150 150 979 946 753 144 242 957 910 280 183 767 697 653 244 566 136 334 847 480 332 709 629 392 27 859 727 450 857 918 853 320 240 624 396 738 826 407 68 455 626 85 330 165 833 46 486 119 763 341 768 154 556 939 697 67 20 876 309 460 776 239 213 260 793 98 772 288 890 200 322 573 428 405 126 231 622 632 932 92 494 831 474 590 97 950 675 376 181 525 908 905 352 835 81 82 171 429 489 547 628 382 874 915 108 668 599 601 146 582 85 453 199 483 875 930 66 119 690 230 415 32 569 938 864 476 628 430 760 169 921 189 729 811 343 120 657 615 664 193 919 979 972 642 195 338 814 452 573 351 469 431 408 867 317 823 798 773 671 965 769 976 856 838 913 11 502 19 21 636 344 634 123 245 971 888 735 172 354 767 305 351 355 217 898 410 551 401 284 410 508 163 199 40 544 880 799 158 48 100 952 895 912 81 373 348 89 279 43 485 914 961 973 165 972 645 92 33 398 608 530 116 579 505 590 697 359 828 955 693 389 700 683 387 828 139 331 15 51 393 562 431 228 543 740 966 858 730 307 591 919 750 313 462 293 672 631 855 610 881 679 594 323 88 77 451 902 819 688 707 866 537 783 75 309 179 652 321 906 433 235 964 298 40 815 224 464 74 935 472 501 48 332 28 694 13 102 413 979 374 412 201 666 423 620 419 713 769 479 184 574 394 399 86 42 146 504 106 36 266 844 346 531 903 283 202 672 694 778 736 696 156 461 588 584 706 172 370 141 854 292 388 434 438 290 533 264 147 633 555 626 789 674 725 23 669 617 205 774 83 959 651 304 810 45 380 667 959 724 216 834 391 908 493 652 128 534 584 491 314 459 70 711 778 311 367 961 34 455 619 370 69 111 80 753 540 836 571 124 386 770 241 499 39 131 236 879 751 863 437 400 643 150 741 26 157 294 643 7 785 593 366 313 328 274 406 432 625 558 275 887 322 786 366 457 219 466 8 347 567 137 376 661 509 705 347 880 365 550 484 3 903 745 646 904 624 648 473 728 439 680 809 419 444 12 209 498 420 934 392 221 563 435 372 842
53
9 46 8 47 25 44 21 17 45 49 41 3 23 47 22 33 39 48 29 28 13 19 7 26 14 13 32 33 24 5 23 34 16 38 51 4 36 20 31 43 12 14 1 15 16 30 53 10 37 18 52 2 42
1000
428 772 57 858 807 509 866 945 936 202 295 872 562 346 825 168 568 840 701 519 680 988 148 210 948 284 209 46 809 292 602 740 49 610 938 281 553 741 293 460 515 417 510 151 258 419 806 781 597 374 974 660 214 953 645 149 631 156 22 327 883 996 773 612 287 144 332 757 424 531 387 696 608 40 334 289 854 956 939 444 949 357 68 246 176 5 137 139 212 312 985 999 535 812 901 218 53 577 795 776 198 13 366 968 569 344 534 752 361 911 363 271 555 244 623 45 893 720 347 35 349 412 229 871 304 838 25 380 190 463 874 606 201 507 725 620 578 498 165 99 881 962 735 429 951 83 236 950 86 245 191 204 714 6 432 320 894 670 414 500 970 952 868 557 532 406 637 566 516 617 585 278 317 593 242 966 373 698 400 187 860 653 927 55 797 619 658 933 415 685 642 401 489 934 47 298 211 736 828 935 230 360 67 26 136 592 418 290 906 464 369 786 4 629 456 887 410 134 223 378 385 567 171 591 275 18 252 56 41 716 913 946 954 9 976 130 621 542 377 969 407 452 832 84 64 816 226 654 502 560 713 529 356 836 146 651 439 885 849 111 172 458 2 21 335 991 972 671 703 628 922 194 50 36 383 788 152 709 155 333 91 782 459 528 330 405 181 876 892 123 827 481 457 824 39 477 105 237 59 434 609 518 482 440 656 986 756 900 93 813 505 783 274 533 707 321 20 162 468 579 572 775 43 959 523 920 368 355 571 145 423 748 731 600 390 582 476 561 548 708 446 770 437 291 124 904 625 484 821 305 811 581 69 688 325 799 486 285 32 119 430 908 30 297 666 655 856 805 943 755 826 51 421 316 276 3 817 958 639 559 166 867 164 652 992 879 540 199 435 382 425 763 692 416 121 508 141 780 107 420 932 630 80 495 929 733 81 240 823 687 315 66 706 675 504 777 186 942 499 24 759 520 634 664 960 238 576 503 471 58 241 947 622 475 422 511 255 998 905 663 843 196 689 882 693 668 391 433 683 220 154 704 177 605 135 44 441 513 686 682 427 265 337 485 575 981 48 931 835 640 97 248 918 890 469 549 79 384 878 89 126 253 197 65 815 793 527 227 978 102 29 294 340 263 743 234 487 710 470 17 122 718 711 343 163 596 342 106 12 270 497 467 517 632 583 232 855 129 338 573 269 930 329 398 937 554 834 694 341 116 923 180 462 598 60 917 34 143 205 472 644 700 676 108 784 280 543 403 729 661 863 695 822 72 546 584 345 820 454 451 624 848 260 310 570 350 633 758 461 587 765 62 884 120 601 426 63 774 747 259 78 638 309 352 257 798 447 895 599 219 85 521 375 261 749 673 216 328 850 33 648 402 730 702 207 379 353 74 657 995 778 963 536 277 870 362 372 132 247 397 537 724 558 987 150 984 370 19 659 802 859 982 61 829 175 75 865 541 286 603 365 178 184 300 282 208 409 302 912 493 580 690 753 27 161 845 965 844 473 804 916 480 514 796 339 411 818 869 14 408 443 249 808 70 627 157 810 955 712 538 897 96 674 643 595 551 839 243 898 92 940 873 455 791 103 395 113 15 256 681 662 792 574 678 790 38 552 153 837 262 158 37 672 140 88 616 279 847 650 488 679 125 413 787 977 919 641 138 626 147 299 721 993 193 266 635 738 306 76 819 215 766 267 479 326 833 590 861 967 336 272 864 233 115 251 367 442 133 910 767 524 388 159 101 979 206 371 779 719 975 801 98 71 313 914 494 393 862 841 264 506 800 964 803 250 94 771 544 727 52 7 179 989 95 722 647 465 404 961 909 112 496 769 490 436 396 891 392 744 453 450 545 880 10 491 997 235 431 857 142 189 889 944 288 691 539 589 842 785 852 354 90 924 348 814 324 896 228 853 667 980 318 926 319 203 547 957 665 54 225 684 751 1 160 607 449 322 28 750 222 351 23 726 899 110 169 381 100 875 273 768 11 604 877 359 87 438 200 364 973 109 564 556 990 492 483 311 728 331 613 550 677 530 717 611 104 31 594 239 394 764 174 746 925 697 303 323 921 563 183 445 501 376 77 185 907 268 118 886 903 73 478 386 182 314 358 649 224 170 742 296 512 231 915 762 723 526 614 254 173 195 636 399 830 301 42 618 82 646 760 213 522 971 851 588 221 283 8 754 761 192 474 586 699 217 114 615 389 565 705 983 466 715 669 789 131 1000 732 941 448 831 525 902 167 307 128 308 188 117 734 888 846 127 794 737 994 739 16 745 928
1000
39 553 50 872 95 359 611 292 476 29 140 203 704 565 550 546 20 503 914 17 283 720 238 982 799 80 99 513 758 539 741 948 743 827 306 284 937 313 742 957 972 358 59 512 240 474 308 107 560 219 901 780 809 962 144 373 419 464 873 315 561 187 620 37 683 608 129 353 854 918 450 577 965 833 296 267 551 327 602 79 527 136 435 621 881 784 883 488 751 232 423 65 64 294 462 406 196 594 27 377 438 88 1000 682 188 480 985 492 556 198 329 572 808 819 838 182 853 756 644 894 195 828 256 768 417 952 882 549 823 826 507 490 72 495 748 82 797 677 928 726 724 274 351 324 164 341 309 652 277 402 622 949 731 655 517 737 354 612 108 673 151 665 318 145 486 445 243 821 534 964 162 421 246 193 588 456 404 796 855 317 287 116 980 800 190 764 212 105 171 868 304 221 121 266 446 307 410 803 401 499 413 710 10 830 540 349 629 931 988 889 536 675 194 692 259 643 242 642 81 954 192 824 555 870 861 250 960 114 319 878 648 407 261 530 301 427 994 428 689 429 442 217 167 135 286 173 253 400 334 1 433 9 247 273 846 228 471 280 215 614 233 722 676 397 798 501 813 470 657 394 718 8 254 142 886 521 149 185 408 249 335 999 623 776 372 510 181 567 888 584 871 818 379 106 535 75 342 705 485 69 235 443 916 478 333 935 263 47 147 708 891 272 38 381 60 202 180 163 659 765 911 716 788 752 541 695 78 511 111 477 505 998 305 289 248 260 877 725 792 903 786 681 760 761 97 841 330 712 252 532 143 729 68 157 847 658 977 42 6 12 390 595 76 825 922 895 757 575 453 26 727 285 56 586 938 744 850 268 293 812 92 531 653 257 775 763 444 860 983 361 671 102 431 270 436 420 711 839 794 686 127 150 717 177 601 96 320 279 875 197 735 558 201 537 736 939 125 848 368 465 578 747 133 924 191 986 236 345 205 790 929 437 251 917 83 395 432 101 552 110 781 241 302 615 166 367 814 461 835 155 596 282 369 879 678 176 693 635 645 774 509 16 290 58 303 479 933 849 626 955 67 947 598 750 649 789 57 412 991 152 661 363 603 487 378 165 484 568 900 844 213 360 179 352 516 409 822 996 200 663 154 314 18 548 738 624 346 936 909 493 403 44 28 599 628 73 656 892 993 610 276 662 919 906 631 987 380 734 700 912 491 350 22 953 295 211 414 857 30 636 325 627 926 923 921 852 234 504 128 574 77 35 2 925 666 109 897 206 793 49 61 910 890 777 14 11 288 580 583 651 973 112 956 156 930 23 131 316 893 562 463 466 48 859 975 374 600 566 229 970 199 713 533 364 362 451 398 473 514 587 405 226 707 876 802 807 384 66 641 520 7 169 940 278 216 902 971 569 755 63 749 93 767 506 475 469 542 685 207 811 525 134 690 178 458 496 787 904 331 597 609 218 43 119 459 161 664 231 245 87 840 365 383 564 545 779 269 356 223 969 481 522 500 647 837 15 927 515 687 730 391 638 160 382 714 783 138 455 739 896 422 104 158 494 701 607 669 997 239 633 944 214 457 523 582 806 589 989 856 529 709 865 778 13 766 967 654 310 371 625 592 668 172 753 836 322 920 271 932 91 782 262 810 94 338 340 820 123 21 670 874 934 576 175 447 415 452 393 697 508 31 618 33 376 880 36 943 570 674 32 89 863 733 679 619 118 337 593 829 343 344 168 370 186 244 867 746 124 968 146 328 141 913 460 385 646 795 703 721 189 441 942 126 762 979 966 637 323 298 430 805 898 559 399 62 834 137 265 25 184 728 90 591 387 791 696 606 950 53 723 630 915 86 634 951 148 672 347 71 386 84 497 55 222 772 130 34 122 759 204 887 5 804 632 449 715 740 115 770 992 439 984 845 120 843 255 355 418 468 483 605 326 117 258 963 699 538 650 869 388 225 46 100 300 702 945 132 392 174 224 291 4 976 297 159 604 817 230 454 745 85 281 816 694 946 275 831 440 210 563 311 518 425 528 366 680 557 832 958 489 51 616 348 754 974 524 52 941 851 995 321 858 773 19 884 502 434 70 264 339 639 220 544 424 554 543 667 990 357 332 208 719 467 732 74 153 396 375 416 613 908 299 547 691 866 885 472 3 771 170 815 862 581 411 312 573 40 899 45 227 981 54 801 183 684 864 706 769 660 590 617 41 571 905 585 640 113 448 785 579 961 24 389 842 978 426 526 209 698 907 482 959 519 237 98 498 688 139 336 103
10
3 3 10 7 10 7 8 6 8 8
1000
779 390 914 8 581 819 572 566 918 787 739 585 928 657 138 270 20 208 555 771 1 444 986 379 714 681 75 46 956 797 543 127 7 973 13 620 579 572 356 20 19 675 792 121 216 809 279 563 863 616 594 553 905 631 550 486 552 250 908 45 802 102 21 929 783 916 30 832 168 358 723 344 987 143 837 364 358 440 975 5 342 789 634 433 942 625 894 166 601 980 458 91 472 425 840 632 141 389 599 354 47 648 483 915 2 445 431 395 843 202 774 585 951 941 615 411 661 767 282 656 450 608 603 249 415 945 507 595 439 856 612 561 404 959 510 333 607 366 803 245 72 98 95 683 962 881 930 473 200 298 82 995 93 123 113 374 878 146 149 14 859 148 232 49 973 700 495 446 137 188 505 407 211 24 290 160 334 716 324 905 59 393 929 498 203 155 537 58 107 109 442 318 27 824 491 399 237 673 384 481 629 363 911 460 340 403 344 256 106 464 328 126 871 622 589 373 31 759 664 448 430 347 509 296 892 18 125 717 530 709 3 539 830 876 282 869 150 268 464 193 788 125 969 898 804 307 367 377 750 817 635 300 604 990 240 348 34 276 320 319 35 722 255 59 791 858 458 400 851 313 226 889 453 950 517 323 148 803 527 910 277 649 460 15 290 88 228 744 570 17 8 238 65 785 90 329 742 596 751 715 122 611 617 850 206 414 645 623 618 884 245 888 422 91 443 512 198 772 80 981 783 697 287 761 80 733 246 94 954 331 862 876 641 171 49 170 967 638 568 138 829 42 438 194 161 376 338 609 88 274 753 912 229 522 651 163 499 266 777 574 418 662 409 380 356 848 86 826 111 220 316 68 383 846 759 687 470 46 629 559 523 710 768 377 747 199 67 643 54 952 960 991 724 83 565 808 624 115 99 355 921 899 582 686 434 140 756 424 806 944 210 763 538 521 142 567 660 212 993 416 315 592 518 463 85 253 346 186 558 613 254 312 690 702 251 960 622 81 297 331 252 770 887 525 844 528 258 244 34 564 551 268 199 339 532 745 556 672 864 999 205 119 932 349 22 746 279 704 302 667 986 940 526 103 236 58 6 504 219 294 855 989 253 462 120 303 727 765 36 285 66 989 965 613 237 959 851 828 884 549 699 689 412 983 784 790 9 733 524 76 909 484 461 152 9 529 263 574 183 841 398 79 69 16 187 491 209 396 343 486 77 397 719 799 890 221 417 427 739 891 893 273 234 925 868 926 136 288 830 822 692 833 388 509 33 928 257 669 661 504 131 6 541 360 602 614 919 479 840 628 32 120 749 322 2 619 670 695 699 305 114 53 576 757 953 573 173 452 927 393 557 554 935 410 353 289 622 606 977 276 519 345 160 778 785 24 794 204 765 359 477 288 52 158 805 748 128 1000 984 501 955 810 428 404 906 370 655 197 544 808 227 139 249 184 100 361 402 89 394 598 627 974 536 373 434 317 308 497 371 225 533 133 920 266 493 41 902 85 318 465 946 3 170 71 963 800 542 639 838 61 154 637 727 907 516 75 800 242 823 196 401 683 621 361 760 230 181 372 280 105 313 872 635 798 110 234 44 825 650 116 265 312 108 224 84 965 158 545 455 712 291 421 962 412 218 968 456 834 588 104 963 192 454 172 713 416 854 87 786 471 372 811 740 764 513 169 504 109 10 153 749 821 712 786 447 782 814 875 25 62 387 873 368 326 957 831 807 742 419 78 874 185 903 845 271 373 336 865 486 934 642 21 468 834 988 179 217 374 262 965 428 795 157 958 966 860 39 244 378 369 688 231 847 576 775 909 215 626 107 546 468 243 406 96 708 922 51 381 514 55 571 211 834 836 57 478 118 110 593 465 104 866 184 391 73 762 247 668 584 949 930 674 689 752 92 177 517 793 52 500 468 753 29 101 190 474 618 735 967 301 633 214 368 482 605 743 417 728 703 132 815 796 721 616 972 852 661 521 591 260 936 261 506 112 26 610 293 352 321 343 711 956 528 540 469 936 130 327 816 259 350 489 897 531 57 680 982 694 835 42 690 671 586 309 970 713 265 538 685 861 351 877 387 295 937 281 918 732 682 272 864 578 666 169 640 408 751 451 347 182 759 666 472 670 469 535 129 113 361 754 870 587 283 829 392 135 320 806 74 357 647 705 776 520 726 734 161 814 896 97 260 827 178 219 547 159 534 164 442 580 512 60 475 490 435 761 959 664 53 43 213 471 653 924 101 48 746 825 646 337 636 807 441 18 82 357 14 975 304 429
1000
414 649 606 364 628 797 234 292 863 302 866 280 106 248 909 332 915 941 190 411 90 41 851 176 632 74 495 316 958 366 796 503 184 27 49 526 196 984 23 170 145 160 789 249 297 832 932 937 973 776 449 807 478 786 118 15 980 747 877 831 270 683 626 586 53 768 413 397 685 561 168 75 962 40 301 117 905 339 320 779 385 473 313 629 349 488 18 749 243 64 415 631 271 197 65 551 283 978 257 505 758 969 956 959 307 509 104 89 939 360 354 839 381 230 85 247 535 408 559 95 263 714 719 825 733 237 511 137 335 541 499 149 769 161 557 54 120 802 748 56 968 828 761 315 380 732 471 558 709 58 996 175 882 522 61 698 377 556 296 897 579 669 355 613 702 816 417 4 947 759 399 986 929 889 133 153 358 617 944 777 14 598 391 402 890 520 587 922 913 504 29 904 602 517 682 912 916 469 998 284 193 642 785 96 528 741 431 809 426 624 159 722 210 433 692 214 70 994 445 273 952 476 721 57 651 591 924 724 131 451 661 527 202 529 576 859 727 291 545 948 771 694 430 443 566 205 611 788 182 787 524 871 923 115 2 519 266 101 13 855 846 474 583 803 695 725 960 422 696 760 539 686 456 350 386 574 336 870 255 231 346 972 652 281 800 416 818 754 878 124 108 112 565 950 646 865 88 251 264 860 442 33 259 379 39 24 798 305 110 753 44 352 427 178 198 927 388 166 437 688 19 708 241 419 78 405 203 341 690 513 87 704 290 468 372 10 72 852 260 239 429 536 581 194 441 252 187 921 45 31 510 791 26 235 162 670 459 393 824 347 46 974 361 841 813 357 99 222 125 298 1 781 309 359 113 830 165 151 538 400 59 35 274 311 25 150 902 936 674 676 615 555 457 30 900 774 844 455 129 856 577 438 157 876 675 73 874 835 103 236 470 420 267 250 943 245 837 607 378 716 738 907 750 701 461 672 880 155 223 804 216 823 365 367 746 20 173 619 43 450 917 514 650 490 218 899 122 833 362 48 762 609 55 801 353 751 723 604 867 930 515 51 42 303 687 639 582 740 596 847 805 17 268 896 278 892 32 67 375 36 829 901 373 961 492 918 507 653 681 500 496 60 62 638 322 885 272 206 328 238 356 412 265 584 784 94 389 384 148 204 434 820 179 321 665 836 398 881 782 458 220 945 136 404 648 466 71 550 765 537 330 589 523 926 919 563 908 139 242 636 706 244 80 726 739 744 659 763 132 886 5 287 146 684 11 342 933 232 906 772 693 487 134 553 212 289 52 914 318 363 77 258 700 396 425 730 192 717 448 447 667 512 893 483 506 86 199 9 440 348 421 663 854 502 240 875 304 308 114 295 329 735 460 625 387 183 21 233 814 679 715 142 773 195 981 410 736 862 554 985 928 532 578 518 246 489 635 931 418 76 603 82 105 479 300 742 599 911 827 997 849 394 130 666 221 262 910 368 215 873 990 755 957 12 790 967 293 191 989 475 485 564 671 207 331 588 406 109 864 493 616 575 254 879 383 560 219 28 838 186 338 177 887 991 641 713 472 486 374 815 508 662 811 668 180 6 783 935 903 621 977 752 643 376 955 697 3 189 407 976 888 817 314 843 340 630 718 699 971 794 743 465 612 333 999 7 285 848 920 614 951 965 812 954 98 224 310 446 79 680 975 858 144 620 66 163 521 463 731 516 925 156 409 585 462 764 154 147 140 392 217 703 126 633 806 562 68 757 294 987 401 569 734 966 571 141 127 570 705 647 343 123 590 737 953 208 277 995 793 689 819 658 128 50 435 428 861 121 256 792 324 549 81 38 107 370 152 940 181 868 225 167 949 325 745 261 91 188 546 891 766 229 634 172 594 279 201 711 169 898 547 770 454 884 37 934 213 654 677 664 477 568 111 982 834 34 334 323 345 542 993 83 637 552 119 826 453 436 850 729 573 228 808 942 946 992 467 525 299 275 857 580 644 327 678 988 498 439 640 963 494 423 93 534 720 102 369 840 531 756 938 964 288 533 543 143 97 482 227 767 1000 319 481 209 253 200 979 22 691 810 337 530 842 116 282 540 47 269 382 610 775 497 869 845 226 63 390 480 164 623 592 501 821 795 69 655 780 822 778 286 158 983 211 16 597 608 452 605 424 799 100 544 618 601 312 135 484 371 395 600 432 276 403 326 872 595 707 657 8 883 710 853 572 84 317 622 92 712 344 351 306 627 728 174 464 171 185 593 444 645 970 895 894 548 491 673 656 660 567 138
871
239 755 602 307 124 742 739 317 446 649 129 231 603 354 730 486 150 102 536 53 388 740 592 81 120 57 502 776 323 692 63 423 586 74 429 572 393 675 782 87 763 197 211 83 313 673 508 400 831 712 826 137 688 325 237 92 18 70 276 484 140 854 146 448 542 181 674 407 797 332 798 279 35 569 210 342 367 573 444 13 837 60 594 363 838 208 349 64 394 559 666 186 427 36 809 853 543 378 389 261 301 768 659 828 750 813 252 591 248 596 637 781 677 321 416 655 728 457 780 731 236 588 52 315 763 481 364 99 91 590 823 736 255 689 308 232 189 75 827 121 672 231 395 291 856 657 243 31 553 436 465 800 438 158 226 68 168 246 676 334 204 713 783 2 403 85 724 49 456 374 639 422 285 756 167 254 447 98 658 625 184 396 172 24 788 562 839 519 517 383 117 811 821 162 229 705 223 706 735 149 577 272 250 135 834 304 86 25 474 643 579 8 128 299 650 483 54 787 385 109 694 703 523 607 382 133 139 507 564 651 665 530 862 765 711 793 16 720 362 503 453 665 433 721 871 634 700 515 863 585 202 589 466 136 722 122 731 138 164 817 238 540 535 626 368 160 835 372 225 43 178 434 411 282 845 230 384 822 442 219 581 628 794 510 131 487 274 42 461 479 748 294 825 532 749 249 432 327 375 704 870 583 435 516 419 179 840 812 97 791 176 10 686 557 441 445 460 188 125 340 652 695 770 824 737 271 142 247 44 212 687 130 260 598 654 361 584 475 240 732 497 576 46 707 699 529 96 580 215 106 490 547 127 173 289 833 341 570 410 73 412 316 113 718 509 644 235 578 848 521 857 757 451 501 627 805 524 399 771 477 717 633 71 59 489 273 6 30 621 661 387 76 537 290 582 17 118 786 38 11 801 266 514 819 525 47 358 867 152 369 706 868 296 556 681 163 462 796 33 480 679 409 119 103 690 850 22 78 159 104 198 32 4 696 169 72 183 51 766 293 5 80 761 195 723 338 513 34 609 165 318 209 1 292 88 403 779 464 762 312 350 322 328 14 55 861 633 702 608 753 803 752 216 222 818 597 112 476 587 79 251 205 49 351 851 724 306 379 865 145 126 15 373 330 807 852 551 640 196 685 493 777 233 298 213 617 311 855 356 616 734 743 155 303 459 28 463 785 670 431 492 693 647 597 376 575 849 302 544 185 218 668 426 245 563 653 832 324 270 485 610 804 741 709 808 769 549 533 774 642 27 618 496 201 148 648 62 402 593 858 268 719 664 111 355 638 656 697 309 124 471 635 767 600 846 538 187 468 842 710 605 671 691 277 348 93 77 244 288 632 20 287 612 677 729 67 69 499 746 281 405 738 386 425 472 506 527 428 207 684 190 314 604 319 227 792 297 758 26 869 203 520 829 571 456 454 193 830 90 620 267 486 31 265 751 546 680 764 258 611 406 860 29 200 498 262 744 528 714 305 381 206 417 449 574 275 511 468 660 377 467 408 404 815 228 810 359 601 48 552 39 726 613 339 107 390 391 9 531 495 352 482 439 353 682 141 526 168 702 84 263 698 108 214 105 727 175 234 128 134 866 413 455 335 147 150 500 421 420 347 440 336 125 843 12 566 636 430 759 241 100 23 424 192 624 315 859 21 143 95 120 269 326 114 397 595 844 494 473 45 478 606 470 300 646 331 116 560 337 259 286 568 199 41 562 784 58 450 365 799 295 565 512 56 154 806 555 144 151 619 775 132 346 194 795 360 217 418 708 370 398 802 469 171 94 343 614 715 594 615 599 437 814 153 177 558 567 518 504 283 213 320 333 182 7 170 545 345 280 716 864 623 841 667 180 561 221 760 778 357 186 401 253 50 242 505 257 89 847 622 522 491 669 683 284 641 123 452 747 662 310 166 701 414 476 790 264 678 65 754 115 663 278 40 19 156 630 157 548 725 415 224 645 816 789 82 366 329 110 256 554
50
7 31 17 50 16 45 24 5 35 7 20 43 16 23 14 22 27 26 41 41 24 16 14 21 48 42 17 29 28 46 47 34 42 47 15 50 33 40 45 38 20 26 44 43 46 45 31 25 20 4
200
159 200 8 133 161 188 166 38 121 27 80 98 163 162 197 28 35 94 131 166 118 44 91 23 93 151 181 139 157 82 32 25 117 174 4 88 79 123 196 106 51 197 200 150 153 116 67 191 81 111 16 56 111 195 144 163 145 95 198 193 5 28 100 30 46 47 146 48 90 91 158 1 120 37 58 128 141 54 129 29 173 65 128 83 68 147 193 190 30 3 53 45 183 90 61 55 74 149 9 104 108 51 66 177 103 51 175 130 176 17 168 182 11 143 128 59 114 199 184 105 159 39 134 128 145 185 33 97 152 63 158 86 122 22 171 31 77 118 138 179 169 72 164 68 42 184 52 197 9 120 84 78 191 101 106 170 176 77 161 48 86 49 136 26 107 18 74 14 24 189 184 170 10 96 2 20 12 65 178 85 154 172 6 140 113 91 162 36 125 131 127 75 154 200 112 107 110 41 192 132
101
91 9 17 73 45 59 56 99 2 42 26 84 100 1 3 37 13 33 76 38 52 77 75 74 97 50 24 68 83 88 14 16 34 95 87 60 53 12 101 35 16 98 71 15 69 90 2 72 22 28 70 29 78 63 30 36 63 6 65 81 4 100 32 20 23 24 39 94 43 4 46 31 64 89 11 86 18 48 95 10 55 45 5 67 70 21 44 40 58 85 80 62 57 25 27 60 19 47 49 8 93
20
17 4 11 9 18 11 8 16 1 5 17 14 2 13 1 15 13 7 16 16
10
8 3 9 5 2 9 3 5 3 4
100
91 63 88 92 77 72 2 78 73 53 65 93 50 16 26 21 96 54 37 29 19 75 82 86 6 10 38 64 79 23 82 23 28 40 42 66 30 55 11 46 60 12 44 17 80 8 34 11 83 57 7 22 4 99 42 76 62 49 49 51 12 33 69 60 37 20 59 55 84 5 13 9 26 76 56 45 31 22 97 91 27 2 85 18 95 36 76 77 51 13 3 16 25 79 24 81 90 72 47 15
200
141 189 74 124 103 35 40 11 77 172 170 75 11 134 166 11 89 190 93 22 36 88 58 44 38 115 9 61 73 112 160 102 97 142 161 121 24 169 7 141 29 181 159 25 77 30 146 3 50 83 174 126 68 56 76 16 129 8 66 49 89 195 175 67 4 19 170 165 146 62 51 171 47 174 65 42 84 18 161 123 88 173 194 34 195 153 10 44 120 73 75 36 3 58 82 9 111 100 113 116 119 84 171 146 156 64 13 54 137 30 34 164 42 30 195 198 146 27 21 14 176 108 53 45 12 28 134 132 143 152 12 87 183 52 173 72 32 18 178 86 94 186 191 72 85 138 79 140 1 113 39 41 176 172 48 182 89 9 71 118 156 158 50 173 71 154 35 35 21 82 98 155 174 137 107 44 6 195 161 60 51 3 113 162 193 119 154 54 156 109 144 119 131 13 44 155 130 168 66 80
144
103 44 45 17 53 79 135 113 55 15 73 108 108 34 128 40 120 84 16 81 61 25 140 27 51 68 82 37 46 91 105 115 90 14 100 88 28 74 107 119 24 13 109 2 3 20 101 13 9 130 106 38 39 134 115 66 102 136 30 14 78 58 116 96 99 91 108 82 63 126 12 95 11 133 132 35 33 97 10 17 8 16 104 124 50 43 21 86 132 52 131 68 62 83 22 71 7 86 65 117 128 57 1 70 76 137 47 67 34 56 66 133 18 57 143 93 119 12 40 14 6 98 41 1 87 137 139 101 69 141 66 27 112 44 114 54 106 125 127 115 77 29 120 19
320
52 88 271 108 188 14 73 180 188 65 162 62 216 223 279 95 296 72 48 310 229 53 31 293 103 7 11 168 307 231 153 105 127 102 178 189 154 14 35 150 103 82 108 136 86 199 256 284 167 36 175 182 287 207 88 265 123 30 89 118 191 303 4 294 113 189 106 237 239 120 265 96 45 272 225 40 242 243 4 230 226 112 263 292 127 257 76 299 142 193 289 153 232 244 191 27 146 10 71 286 87 304 312 320 170 193 126 306 238 106 122 234 184 28 102 233 294 290 245 18 154 98 118 281 315 120 49 101 250 213 308 174 181 316 17 278 274 195 173 249 180 269 89 295 29 258 42 24 86 46 48 263 64 204 110 21 204 268 289 114 217 208 1 34 277 163 144 209 120 15 153 197 194 198 12 77 140 107 266 282 166 212 95 221 79 177 72 19 176 148 104 276 129 190 201 154 248 202 289 71 240 317 29 206 282 267 124 222 47 133 23 78 254 24 235 32 305 248 143 85 6 315 81 14 218 101 165 235 51 138 99 192 151 74 185 23 271 101 62 228 26 152 50 310 186 50 106 132 219 54 166 124 98 95 235 241 311 21 216 228 94 215 103 160 139 244 302 5 84 85 100 227 219 181 158 136 172 68 119 130 60 177 94 160 55 316 232 56 98 220 186 216 211 58 110 198 145 57 112 7 266 80 164 130 287 121 217 297 153 35 5 251 301 153 313 308 285 217 154 156
100
62 80 29 74 75 93 96 53 89 45 20 95 24 94 35 23 46 31 66 11 72 77 16 13 70 63 28 27 3 32 18 30 40 67 15 56 68 43 51 33 52 60 38 98 10 17 57 64 85 69 39 41 8 78 71 36 47 76 81 42 82 1 26 48 86 19 34 37 50 25 55 21 92 4 5 58 22 54 84 2 59 61 88 79 49 65 90 83 9 87 100 73 6 14 12 7 99 44 97 91
10
6 4 5 5 6 1 2 6 6 5
573
514 336 426 556 297 508 416 530 417 543 486 279 88 212 360 372 542 33 183 376 489 253 44 190 202 505 419 13 250 328 468 476 415 377 72 120 475 359 562 131 519 357 322 134 6 26 110 447 249 325 37 361 124 234 513 258 319 67 289 433 352 431 4 62 153 331 266 531 10 291 567 525 559 109 414 215 286 533 349 573 157 537 340 557 397 223 117 254 214 547 269 221 178 244 163 423 171 5 358 313 392 551 54 142 281 409 335 558 401 484 355 524 216 60 553 174 132 252 29 520 241 85 264 460 471 312 198 197 25 522 501 102 220 303 282 504 121 370 364 448 64 329 509 320 239 195 235 51 388 12 570 464 191 462 257 247 36 66 160 571 572 113 92 224 236 188 274 500 115 128 490 315 101 116 287 515 111 40 263 495 145 237 396 293 305 554 167 443 354 434 73 532 481 256 351 56 219 334 294 84 457 479 260 21 182 379 96 442 147 483 2 534 492 389 381 162 412 168 170 497 125 9 159 299 81 429 342 518 503 485 463 517 184 491 566 541 77 57 430 450 435 246 283 488 548 441 306 28 350 169 280 444 398 248 310 106 155 466 453 139 22 104 535 375 68 261 421 367 304 362 546 432 511 454 368 154 112 428 114 341 11 208 465 477 231 356 23 193 568 384 148 173 225 278 98 406 1 100 408 272 144 49 445 199 90 242 473 301 172 52 348 437 478 127 309 487 218 80 205 123 413 470 451 314 143 510 552 399 383 365 158 267 211 395 339 563 39 521 332 288 180 371 536 17 292 47 467 270 243 75 369 48 91 189 391 446 229 378 38 175 343 311 527 422 555 240 24 539 326 545 275 86 403 469 99 20 338 308 27 474 561 373 156 425 344 472 83 440 8 165 177 16 493 410 19 330 213 506 436 82 34 136 382 53 346 363 130 540 194 317 337 523 321 302 227 7 538 217 196 386 107 203 298 550 290 78 502 353 284 285 70 404 150 268 544 87 118 245 76 105 262 135 129 126 15 238 565 449 140 176 526 516 407 420 164 204 201 122 42 300 181 79 50 400 276 206 32 31 187 43 95 528 228 402 141 439 55 133 498 251 512 265 549 405 207 507 137 185 427 482 45 458 424 323 232 65 230 277 94 394 93 529 459 89 46 560 149 161 186 210 108 411 569 327 366 452 480 307 71 564 74 259 63 166 3 494 179 374 456 59 119 192 35 14 138 255 152 222 18 61 390 385 273 316 295 271 499 438 146 393 296 30 97 461 324 418 200 69 496 58 347 387 333 233 455 41 209 380 226 151 345 103 318
320
164 106 139 259 94 44 173 84 64 287 141 276 100 78 57 318 277 266 223 263 84 142 20 256 86 224 140 25 93 261 183 34 166 43 278 135 22 142 199 5 166 206 144 2 201 123 240 38 88 238 105 303 70 203 269 163 102 112 264 243 249 305 318 152 218 110 24 147 160 260 210 42 130 237 1 123 97 14 256 10 126 88 117 20 46 286 47 196 188 41 188 238 94 266 181 123 148 74 176 247 256 83 182 105 260 107 12 8 76 189 240 25 119 244 217 309 208 10 108 220 49 11 59 252 279 87 131 66 27 8 130 232 212 320 273 133 195 140 230 229 93 113 53 122 61 53 87 55 299 84 62 222 106 27 278 183 292 78 141 238 193 52 38 248 278 176 192 245 91 223 137 188 121 91 304 184 167 153 224 257 210 105 179 200 198 84 6 253 161 115 239 262 217 251 130 100 277 44 168 177 262 81 143 116 276 231 242 282 89 295 199 132 89 207 248 293 202 12 307 264 88 77 257 267 237 104 65 276 204 180 106 315 13 184 134 292 240 78 291 312 167 274 192 188 18 58 19 289 59 229 129 95 267 281 3 268 303 75 211 57 309 41 22 285 70 283 149 118 24 104 281 263 107 189 127 35 77 42 236 81 304 265 43 95 204 114 125 236 136 131 191 256 219 230 71 87 149 106 86 164 264 232 49 11 88 245 53 74 194 179 320 161 151 171 164 134 248 201 79 133
128
60 86 25 78 26 118 23 102 60 36 42 46 92 94 13 81 116 88 41 9 13 52 17 82 112 5 119 76 78 33 118 82 113 41 36 10 29 113 84 118 115 50 116 67 16 58 1 111 17 88 19 100 29 103 100 105 76 27 30 119 91 126 67 126 90 54 93 27 104 61 98 67 62 71 39 3 43 21 82 38 47 107 47 71 16 73 18 21 3 46 83 4 11 98 65 98 32 123 93 124 83 8 41 69 33 32 104 111 20 113 108 74 49 6 86 80 63 6 85 121 72 94 107 68 92 115 128 71
10
2 7 8 9 1 1 8 7 8 8
100
18 22 73 44 8 87 3 61 46 93 16 74 85 7 49 39 10 54 78 52 63 69 29 56 50 81 6 79 48 34 53 90 99 41 36 30 47 82 71 65 80 17 21 95 89 91 35 97 55 58 2 42 1 59 19 51 38 60 57 76 66 72 88 5 13 23 25 9 43 83 86 98 67 14 40 32 84 27 24 11 94 62 28 37 33 45 64 20 4 77 26 31 96 70 92 100 68 15 12 75
200
9 189 182 119 15 162 21 54 196 101 49 37 179 137 151 190 155 79 160 155 62 189 106 13 70 179 73 93 99 142 131 183 175 152 19 71 184 124 177 127 191 88 173 115 91 136 28 141 50 138 87 153 49 76 155 169 198 112 190 115 174 128 58 47 121 134 56 24 199 25 111 5 188 15 187 116 82 87 46 176 25 116 32 91 100 48 148 30 182 8 169 150 114 196 194 91 158 147 199 152 79 65 52 72 138 188 178 88 33 112 11 123 54 108 171 132 71 25 67 90 6 25 14 99 93 79 116 176 51 27 148 73 119 86 7 15 31 133 177 179 44 190 128 103 59 33 28 70 12 127 167 94 181 109 63 164 86 191 132 30 86 83 102 188 200 136 146 145 91 54 1 167 40 160 33 14 141 4 22 122 97 33 180 58 52 66 16 175 153 196 91 63 131 169 143 9 68 187 91 118
100
33 42 82 18 53 93 62 100 94 34 36 14 20 69 92 26 98 58 31 57 59 15 45 43 8 41 71 72 32 74 67 19 37 70 21 55 60 23 75 81 39 86 99 50 91 40 9 54 56 46 22 79 88 80 90 30 83 6 68 47 2 10 76 25 4 1 12 38 65 77 73 28 87 11 35 7 17 97 44 5 66 96 27 48 84 85 29 89 13 78 49 3 95 63 24 28 51 61 16 52
1000
635 349 712 497 430 442 770 571 346 456 823 985 204 893 904 605 200 38 611 572 560 466 340 140 866 577 525 491 931 89 770 127 385 870 75 804 205 253 756 328 914 942 114 398 957 892 745 182 871 491 135 660 358 440 882 882 738 545 987 355 254 65 268 724 843 418 924 516 519 251 445 464 771 905 120 700 194 79 78 689 987 324 364 254 420 313 192 567 893 764 755 855 919 317 322 365 424 487 599 207 405 216 996 950 792 650 369 819 189 150 388 687 25 946 2 221 996 445 687 189 70 11 206 280 465 172 89 711 85 33 896 97 922 691 310 81 750 260 364 961 133 322 202 499 484 358 500 683 469 300 970 793 630 218 960 483 165 990 175 818 568 990 969 183 206 630 43 861 329 938 779 421 528 836 92 551 511 103 843 605 770 145 53 787 239 92 902 181 906 728 733 159 138 855 273 645 188 361 812 973 313 229 27 431 910 613 239 681 441 805 878 332 407 457 19 161 118 694 519 130 375 289 781 689 395 536 988 306 377 648 372 98 221 226 446 721 656 111 631 405 740 713 978 791 45 351 951 720 520 476 653 772 33 735 374 926 874 230 735 746 825 936 118 204 503 50 875 400 189 97 69 451 184 430 604 633 753 449 943 610 948 781 868 344 943 627 787 599 524 204 162 691 836 233 880 948 685 630 29 124 901 329 530 795 361 627 27 851 808 273 957 612 461 657 42 178 698 586 764 222 634 597 787 340 917 247 939 572 556 871 755 185 798 330 869 126 141 371 624 215 37 46 669 861 566 625 49 788 563 833 473 780 551 970 674 436 896 209 946 920 620 551 947 781 169 499 122 620 653 633 451 955 342 268 821 408 978 288 809 776 573 795 444 479 347 384 170 302 638 839 217 378 538 564 383 609 961 431 558 534 298 401 924 248 36 391 438 642 362 561 837 428 715 511 227 57 416 330 973 154 734 659 814 365 452 569 476 807 989 883 35 75 9 155 517 651 487 333 720 843 327 743 744 121 173 705 563 887 591 801 237 827 125 477 547 705 105 197 6 203 317 761 553 417 573 424 40 187 830 911 509 435 333 748 136 472 708 115 146 789 682 823 192 488 255 73 201 426 554 687 401 72 418 370 191 873 581 758 973 335 467 790 747 683 967 292 624 487 475 885 955 7 125 560 302 760 667 805 784 940 851 86 352 527 211 329 134 987 267 593 153 596 380 540 49 315 55 452 139 688 488 241 602 284 517 898 622 980 552 952 348 155 824 213 906 629 779 392 900 180 481 901 967 40 722 644 880 635 665 855 70 514 391 490 195 325 332 329 178 950 43 534 779 989 219 875 32 703 447 543 648 849 619 895 777 447 299 974 615 451 583 836 108 681 276 369 84 725 306 470 859 307 555 531 128 746 540 455 418 608 474 980 320 189 620 194 66 85 538 77 27 829 592 63 169 556 9 108 989 650 992 795 913 811 204 877 89 378 979 667 46 515 748 895 218 583 44 772 612 241 958 296 571 858 482 620 797 242 345 671 897 557 654 703 3 61 80 752 31 277 165 537 37 910 461 619 532 992 341 727 266 461 137 88 102 407 941 92 281 174 706 875 316 600 5 253 654 218 428 828 953 711 797 77 33 393 823 456 257 650 533 428 304 822 741 747 823 688 883 321 518 477 623 835 353 344 695 269 638 433 637 888 617 782 231 362 827 201 691 873 531 739 130 334 766 300 439 194 90 707 326 882 860 480 488 776 345 861 576 729 804 159 92 302 844 29 738 941 963 298 299 729 525 998 830 948 32 768 627 386 213 981 922 275 259 754 970 791 474 658 545 768 229 318 645 823 189 155 407 829 257 327 223 262 989 377 664 604 898 20 801 171 963 89 592 915 296 263 588 768 423 636 744 110 567 355 399 300 645 601 234 568 874 797 838 245 223 270 428 869 474 494 248 908 436 733 236 689 323 575 521 677 634 73 902 839 231 308 430 394 383 146 929 530 286 547 836 65 533 118 122 724 245 768 466 798 831 444 571 638 279 133 141 78 809 327 883 669 249 153 972 348 749 879 548 692 847 840 687 934 916 271 697 291 116 678 386 812 915 118 942 372 345 885 132 910 374 296 112 74 408 285 669 524 679 459 217 759 95 230 782 732 228 796 779 52 550 124 429 618 83 46 881 140 464 735 404 181 313 60 185 101 420 198 53 150 944 836 906 254 442 396 29 106 812 127 505 12 335 853 716 951 497 66 684 29 27 748 177 404 802 97 370 817 652 885 882 626 666 476
10
5 10 6 3 2 10 1 9 7 2
51
29 26 4 18 20 36 49 33 32 22 19 40 12 5 2 47 22 44 43 15 25 17 13 11 38 41 44 45 8 46 7 42 27 23 48 28 50 31 24 37 17 1 10 30 34 18 39 14 3 6 16
53
20 13 41 24 34 30 43 25 42 20 38 51 50 29 26 14 52 7 27 6 49 53 2 38 53 48 47 40 32 10 45 37 3 1 39 6 31 11 9 12 17 11 16 5 22 33 28 4 35 44 36 8 31
995
328 881 192 950 265 195 330 724 608 163 626 643 393 386 404 556 647 51 684 948 857 467 906 823 235 852 247 320 208 73 852 747 135 706 861 321 728 180 37 29 374 463 599 69 146 95 799 474 545 808 705 106 66 886 485 231 535 105 656 695 2 75 612 152 423 674 96 87 294 225 629 673 391 885 213 742 147 262 806 766 332 357 682 876 564 807 512 896 118 447 167 954 975 909 162 994 735 150 930 687 633 730 575 775 660 527 881 611 870 970 569 34 948 281 958 622 505 219 306 409 352 178 750 53 559 580 583 636 333 314 295 833 372 285 559 502 260 863 31 351 155 97 290 211 278 81 494 574 859 892 648 123 128 978 475 26 810 666 738 451 758 95 868 370 138 973 236 294 546 811 819 687 270 935 606 744 195 581 327 198 585 37 745 995 650 417 337 921 347 500 303 340 737 529 362 313 406 107 309 342 269 369 205 829 769 704 520 33 183 229 678 989 156 698 153 84 919 979 588 189 828 354 851 54 769 777 23 343 726 252 869 592 621 916 837 716 506 993 967 684 92 836 326 324 174 224 9 956 697 240 975 725 419 395 572 425 398 63 20 167 979 3 815 552 193 253 79 267 226 272 735 630 115 36 58 133 467 734 599 567 301 748 491 644 732 288 156 677 821 305 758 540 243 592 619 809 101 162 204 270 590 405 393 498 348 521 378 173 124 984 658 560 891 828 962 249 249 914 475 615 486 29 163 513 616 883 289 696 640 422 187 16 579 889 537 115 860 164 315 444 82 701 708 408 353 444 548 334 509 791 451 866 977 140 778 593 943 156 574 133 3 415 416 245 845 403 635 523 736 546 389 696 853 136 108 656 860 802 606 64 88 936 657 946 878 941 822 566 859 216 416 317 61 300 445 285 565 329 897 397 462 847 526 72 139 241 130 102 101 302 692 768 549 245 446 473 149 133 702 5 95 707 624 939 652 916 905 38 845 319 718 295 224 472 897 568 906 930 271 551 736 631 24 346 122 114 912 499 839 905 974 113 23 298 129 835 940 171 387 283 436 148 553 967 458 637 246 131 904 609 655 913 170 268 735 646 206 318 390 798 356 127 909 851 731 476 51 723 554 166 628 334 223 313 389 293 466 337 401 110 645 157 474 435 184 142 427 753 947 334 872 175 104 533 517 581 412 63 80 967 257 624 733 154 921 7 907 653 194 480 703 264 111 255 830 414 740 584 529 776 552 748 399 925 722 594 900 481 523 507 961 431 887 489 647 42 168 705 135 6 567 75 398 848 885 976 409 449 159 843 482 134 532 384 515 316 986 607 194 836 665 186 968 479 378 14 765 138 403 989 862 846 460 934 40 910 220 19 453 827 941 75 577 991 4 44 689 623 186 676 426 856 345 209 355 495 388 180 786 531 350 36 529 663 582 911 98 380 864 248 55 620 101 215 922 578 410 52 659 17 336 280 510 944 205 838 17 800 949 503 483 471 66 55 28 899 367 905 524 215 400 814 303 18 931 658 780 167 858 624 444 376 982 411 717 875 758 218 440 686 511 434 448 19 877 542 992 116 338 109 502 194 762 442 382 372 238 145 781 120 43 117 865 853 465 813 11 562 544 544 667 912 555 161 765 790 988 591 442 841 874 323 137 293 830 661 495 915 327 14 121 15 346 407 97 470 325 250 909 35 375 57 354 417 855 442 740 801 190 924 288 570 112 291 679 942 362 677 286 222 128 580 237 926 190 38 990 804 454 992 103 537 416 8 632 987 83 181 713 555 447 343 769 441 213 49 957 677 803 244 394 56 595 179 806 428 77 955 47 433 71 459 723 597 151 79 942 637 1 315 627 426 276 880 461 27 990 504 799 25 759 917 933 89 693 709 720 877 385 818 262 827 60 981 741 212 547 166 373 32 901 798 438 789 376 511 839 825 134 880 975 31 704 971 275 284 397 214 389 711 964 584 850 694 614 639 45 610 820 478 18 903 755 256 552 680 894 941 398 814 107 44 269 577 840 571 353 349 534 411 651 683 97 721 86 596 399 219 477 699 809 274 965 707 67 207 763 720 182 468 30 710 526 77 45 688 675 233 816 960 519 349 880 68 210 341 580 897 395 141 47 424 172 273 700 918 819 567 328 831 19 963 56 795 119 144 633 806 351 650 344 138 879 24 86 222 456 774 179 991 197 464 543 310 873 457 464 290 868 523 29 132 805 669 540 764 381 771 767 241 793 690 52 132 497 59 662 456 212 617 70 844 714 125 46
20
6 9 9 10 2 10 8 11 14 3 10 9 12 16 5 15 2 20 20 1
10
7 10 7 6 9 7 9 5 4 6
10
8 8 8 8 2 8 8 2 8 8
873
214 851 119 72 462 38 292 703 379 842 341 385 569 864 820 313 190 745 707 809 468 326 719 863 761 640 670 575 12 324 624 276 146 420 302 593 480 230 50 488 712 426 293 129 663 610 114 358 740 337 349 536 684 165 650 622 737 702 7 551 110 304 413 523 33 410 155 579 439 496 153 64 459 522 405 644 814 529 638 802 71 669 654 68 770 675 514 738 86 273 443 115 440 655 269 321 111 76 771 598 687 265 826 619 492 192 299 673 300 541 34 139 190 696 245 82 156 625 354 380 785 219 89 387 695 450 180 476 174 418 225 633 362 710 797 168 656 769 136 360 857 51 497 689 208 558 533 645 342 323 291 287 603 524 448 803 95 62 217 228 792 869 751 259 549 870 774 440 210 528 154 200 595 780 134 227 365 527 81 783 53 424 181 520 74 742 195 474 516 775 412 39 368 716 861 257 141 256 430 394 786 683 399 582 356 557 729 4 806 153 517 504 692 747 784 423 859 391 743 455 706 248 283 347 671 213 382 653 589 836 318 631 284 428 597 328 255 862 240 762 571 63 85 188 526 617 648 607 853 594 96 435 112 627 837 482 322 486 835 709 232 366 138 261 429 479 553 778 209 736 813 583 183 484 140 237 361 348 83 701 142 542 432 831 800 643 266 724 600 22 564 609 868 327 793 46 277 334 14 584 506 117 306 244 121 178 41 163 509 274 335 470 297 816 143 17 106 682 512 3 680 491 755 535 689 434 19 657 606 92 339 5 815 841 43 847 525 145 320 65 799 100 77 626 744 350 685 856 238 578 588 386 456 590 604 417 416 713 84 829 698 286 298 290 824 312 573 623 211 235 596 550 728 664 532 467 392 186 353 688 207 262 130 755 182 345 309 408 597 651 164 768 838 99 563 26 463 411 431 478 605 667 642 819 463 151 216 465 559 436 171 185 634 295 25 660 96 697 741 749 705 371 357 805 782 122 832 316 249 772 340 198 314 586 754 518 242 556 614 511 383 534 18 374 493 267 722 94 775 691 404 721 714 241 646 849 760 318 708 846 336 567 777 779 376 776 236 552 113 272 804 807 247 202 629 635 566 395 487 223 70 511 264 332 224 29 560 844 613 591 765 733 433 618 581 196 183 568 415 547 260 677 834 31 704 204 616 254 149 6 333 215 220 364 700 860 641 447 665 788 10 438 36 181 13 602 570 764 279 402 538 52 848 144 437 169 88 125 719 132 351 611 425 548 11 102 80 445 234 338 693 452 777 131 457 711 601 90 855 818 184 773 758 359 231 160 460 58 799 490 735 329 827 587 189 108 565 481 787 37 545 27 442 464 166 502 658 699 344 632 98 193 253 574 662 28 812 858 271 87 678 93 21 731 694 845 421 127 801 647 540 748 444 172 608 118 212 500 369 107 501 170 865 71 521 403 397 370 730 820 639 825 485 495 510 162 49 668 580 781 576 507 753 750 239 388 812 282 211 539 676 23 555 294 218 251 406 123 640 40 499 280 513 133 828 67 126 57 78 222 378 872 759 666 652 148 270 346 61 661 790 343 823 461 26 20 173 840 570 766 187 69 263 103 505 621 839 384 612 475 572 42 56 205 763 686 296 690 852 101 301 285 726 867 367 471 718 469 539 732 66 226 331 630 233 592 246 407 161 543 767 199 451 59 75 150 303 194 483 679 620 871 288 305 577 681 537 177 503 544 315 105 55 393 45 289 419 137 147 454 197 725 628 473 396 723 850 789 109 323 873 8 48 811 798 363 97 494 498 810 720 817 311 250 157 453 243 674 325 409 30 866 268 830 128 352 791 414 868 375 615 1 517 717 531 446 757 355 2 477 808 599 191 561 390 821 508 427 636 819 176 458 24 389 659 330 489 727 308 120 401 843 734 44 91 466 417 307 201 373 649 278 449 317 822 672 562 381 152 16 47 15 79 546 275 682 441 54 515 400 104 519 35 752 203 530 32 794 60 554 398 377 179
996
719 723 424 449 312 944 164 776 810 427 989 744 541 610 143 119 506 399 872 891 779 402 149 10 957 109 131 771 346 811 233 304 545 789 840 595 801 569 421 714 337 796 749 848 413 991 143 790 951 848 215 513 500 843 692 96 190 395 54 235 831 118 47 906 630 988 418 671 476 814 196 772 985 557 633 747 533 375 970 211 663 308 97 219 922 288 489 108 473 347 402 144 341 450 283 217 35 572 718 144 480 644 752 399 178 963 580 384 545 382 964 731 829 605 390 847 526 554 904 241 669 174 75 478 66 350 82 919 994 8 495 782 981 514 851 813 25 673 613 386 318 650 311 439 930 855 509 928 559 515 537 915 367 378 209 708 984 35 542 397 224 443 139 101 875 831 162 436 888 220 694 544 870 122 868 670 558 833 827 521 583 677 543 277 824 333 658 752 300 248 132 543 19 184 797 970 845 41 968 876 94 922 448 705 741 517 322 222 412 932 383 400 338 169 693 252 962 230 177 244 481 208 704 491 380 117 261 937 908 210 238 465 676 441 172 724 183 699 17 15 822 796 777 231 318 274 86 763 547 917 839 15 325 539 414 79 621 251 301 850 953 766 567 292 348 956 788 394 784 460 484 374 817 246 328 570 294 516 467 38 255 992 664 408 834 780 366 51 474 45 767 444 720 349 974 65 375 544 845 626 351 996 890 948 359 661 582 40 658 513 760 370 835 329 501 343 617 574 276 85 205 878 571 879 262 547 408 660 627 540 260 274 791 853 932 553 388 120 724 945 601 830 289 161 396 29 213 784 935 469 320 439 635 11 342 594 916 138 432 203 712 141 993 371 812 252 237 134 605 37 587 587 577 824 535 335 888 442 176 43 721 681 872 971 460 270 624 836 291 45 949 150 206 942 679 701 896 403 611 758 218 406 398 849 911 599 205 400 854 821 582 188 365 221 591 736 522 657 615 99 898 555 536 765 816 49 593 962 395 856 334 884 454 328 470 943 700 249 356 110 195 894 271 967 262 857 722 743 805 575 166 417 178 631 501 207 74 329 523 156 822 530 592 239 419 820 175 209 426 279 851 5 512 212 89 471 986 127 392 456 569 405 898 832 613 936 272 933 487 532 224 374 562 128 684 505 21 888 446 538 521 28 7 326 504 783 497 594 941 775 296 596 698 307 150 862 925 950 939 609 174 436 691 494 761 409 95 407 201 154 324 490 136 412 737 655 781 802 466 603 428 200 192 889 268 499 326 708 819 257 498 11 165 712 768 670 774 286 597 808 162 734 129 124 980 159 816 313 38 512 799 69 465 191 885 307 502 652 133 623 502 420 847 786 415 216 371 181 454 842 707 790 756 713 479 367 565 464 859 249 531 794 649 566 274 364 734 258 16 669 865 735 496 606 807 829 834 832 518 170 360 543 303 578 723 742 316 242 22 737 81 825 290 977 560 425 280 927 656 841 762 431 155 222 261 170 697 355 550 905 304 403 602 433 585 646 631 76 851 479 896 515 800 328 120 513 549 65 725 485 368 697 25 448 431 281 640 619 923 931 14 357 990 389 221 740 712 898 313 957 57 563 996 194 97 866 958 770 638 227 895 459 395 715 637 825 330 144 12 980 184 643 695 519 568 632 507 683 234 864 122 457 145 116 458 152 361 204 708 113 430 789 966 529 187 68 535 324 467 59 346 837 639 1 510 920 192 863 600 126 624 798 436 278 489 759 81 295 717 181 940 71 564 841 182 477 754 106 208 204 87 126 960 947 140 373 716 70 336 223 64 102 798 151 629 138 493 877 114 440 179 305 912 84 875 242 923 752 745 721 866 985 345 864 323 884 229 39 339 829 254 246 900 749 792 344 792 650 315 425 88 987 146 125 98 358 883 726 472 809 452 484 630 773 347 641 955 593 561 3 435 204 93 107 493 373 583 91 667 260 886 705 491 130 995 46 793 599 769 5 893 4 678 720 34 924 813 647 533 979 390 682 354 97 604 653 259 499 378 416 530 249 864 189 55 731 295 56 524 965 427 636 258 27 60 437 447 541 907 422 741 447 944 652 218 803 282 372 751 592 818 243 877 87 453 628 520 633 9 317 186 147 797 823 20 880 133 625 990 395 584 210 612 350 29 720 228 339 32 464 686 23 515 617 225 285 926 869 921 969 364 52 42 603 393 625 335 702 267 618 441 217 264 190 536 750 41 991 78 226 870 815 387 26 197 403 7 726 398 267 53 58 848 193 897 407 463 151 642 975 844 377 94 273 977 936
100
13 64 23 37 45 18 86 79 50 67 44 73 43 53 56 31 70 99 55 26 7 48 49 97 76 83 40 65 58 96 14 75 24 95 54 38 47 82 16 60 69 33 94 9 85 93 100 46 11 87 5 47 77 38 90 34 20 6 94 15 20 27 64 39 30 8 28 28 19 29 17 51 88 98 32 56 80 97 91 64 3 42 4 93 48 67 81 13 23 8 41 41 72 74 62 21 35 12 71 61
100
58 17 57 64 77 9 91 14 6 16 30 84 68 98 58 85 68 61 76 42 34 82 53 52 34 50 79 94 67 20 18 1 39 95 74 71 70 33 86 14 46 11 38 56 23 90 8 4 15 48 18 51 84 96 46 92 63 32 35 15 88 84 3 48 82 52 21 2 9 57 49 100 31 59 52 84 5 28 57 99 46 65 55 23 10 68 34 18 10 55 64 4 68 28 21 85 90 14 36 72
231
202 88 195 163 177 132 212 92 136 206 183 23 5 99 209 173 1 222 35 220 87 69 68 56 61 110 194 58 35 195 214 79 43 49 144 198 89 99 96 99 116 17 170 75 1 181 76 177 87 76 141 122 226 179 56 159 67 86 28 229 206 228 73 15 47 108 166 94 22 61 127 193 50 146 137 162 51 44 69 166 96 8 17 229 173 138 22 99 124 173 143 168 224 185 119 142 190 43 31 167 60 97 138 65 156 141 48 66 211 223 183 220 75 185 25 165 206 122 198 138 80 14 101 4 170 37 216 123 184 112 108 69 162 90 32 199 6 149 144 171 206 157 80 34 227 210 193 31 70 90 135 209 166 44 69 230 184 20 228 111 33 192 225 37 216 125 133 172 6 175 140 141 150 29 170 137 158 147 44 112 79 163 193 191 194 16 127 120 211 164 94 76 42 12 3 210 100 110 9 82 157 15 92 132 146 61 108 56 109 83 215 189 164 99 193 158 162 24 167 175 170 168 154 97 93 80 93 55 137 156 13
3
2 3 1
1000
905 741 464 533 26 345 537 1000 698 805 225 376 300 500 440 374 574 823 23 435 69 77 597 954 962 5 4 60 304 664 170 997 428 215 730 141 292 208 708 75 623 714 699 822 899 288 168 344 89 645 978 496 706 238 63 710 197 364 597 437 59 891 345 398 252 415 633 131 270 234 815 337 376 552 557 563 22 763 919 652 654 986 350 592 119 209 609 925 49 144 944 752 567 57 154 500 264 594 309 646 870 263 347 742 607 391 438 394 637 52 484 963 382 254 761 197 992 521 810 895 123 858 597 529 764 216 168 126 348 626 68 947 35 175 204 997 634 617 910 572 36 150 787 750 312 178 286 746 857 872 135 737 354 95 839 483 445 672 896 596 303 721 282 794 214 226 868 430 193 31 621 210 748 937 134 663 79 146 588 827 929 132 807 827 165 248 979 727 707 794 733 640 549 889 491 642 641 340 859 883 333 722 978 976 940 953 877 747 86 172 590 349 683 169 34 846 352 540 701 675 908 177 923 367 312 166 259 341 803 250 918 323 911 506 245 28 452 54 989 820 151 709 29 680 235 870 852 186 767 230 982 65 412 114 693 743 600 696 227 872 397 153 102 485 814 569 969 454 422 125 388 432 218 983 950 848 960 499 984 23 443 163 306 901 414 147 276 46 577 498 407 306 801 251 964 609 515 642 505 197 784 544 161 922 485 426 865 362 99 406 579 57 670 426 408 558 96 806 608 873 481 326 232 380 651 322 472 402 996 580 906 274 201 434 466 19 479 625 853 198 976 439 480 48 870 214 103 190 212 83 754 217 965 611 658 657 376 485 817 793 831 775 508 58 681 108 793 753 489 502 613 926 802 717 475 246 437 379 916 324 153 643 241 370 64 897 395 683 878 308 106 52 589 569 387 461 261 671 307 641 867 615 160 759 601 310 702 59 728 648 153 253 949 285 66 521 958 400 795 500 471 269 492 751 934 752 890 33 474 76 973 272 974 334 20 467 52 107 342 357 827 952 281 586 157 418 665 647 228 660 560 562 545 268 636 575 768 19 622 834 396 682 732 3 692 335 436 531 819 402 421 327 488 429 375 705 773 485 999 343 615 837 156 79 135 715 942 473 369 835 195 801 76 695 292 965 119 290 10 154 656 152 924 888 299 997 603 363 661 517 296 988 484 17 297 987 596 223 966 16 16 449 420 538 441 91 972 69 124 671 468 961 610 738 389 499 128 362 829 587 769 720 565 302 73 798 668 659 478 345 273 74 804 35 101 458 287 316 792 451 879 446 21 947 543 756 93 931 108 496 838 140 346 27 880 990 289 632 311 330 214 712 204 688 314 444 262 655 393 211 523 564 920 98 10 517 810 630 79 257 851 728 507 740 781 614 105 319 125 55 766 113 582 606 750 726 44 887 511 284 171 459 41 631 338 130 915 500 237 598 624 578 67 137 638 455 109 743 825 192 574 914 794 384 946 100 448 410 153 790 325 556 784 81 51 501 79 392 548 450 509 437 176 190 447 711 12 547 678 313 768 158 125 362 220 744 256 669 649 244 481 462 120 938 855 955 716 628 35 977 484 465 255 945 494 440 782 9 43 808 219 11 980 718 476 53 189 39 982 56 666 525 957 42 486 830 921 993 273 542 162 202 585 657 739 616 188 44 907 822 833 812 191 898 144 959 810 534 725 604 346 104 17 676 818 148 479 214 824 441 424 123 511 351 356 566 716 800 404 793 115 510 799 981 366 946 249 15 541 76 909 233 477 821 993 64 990 755 378 673 605 697 78 677 939 388 2 599 872 650 921 559 123 602 419 214 64 546 789 875 871 120 229 553 271 318 183 700 917 662 262 298 846 265 71 911 359 745 469 240 774 985 18 749 639 59 218 861 539 377 361 446 731 460 490 60 482 535 485 970 518 930 935 863 886 336 780 866 366 937 298 247 339 629 685 783 149 927 196 881 828 718 243 869 591 982 401 167 864 673 121 332 320 876 812 164 207 982 561 894 860 152 200 101 718 845 19 504 194 585 62 190 180 635 601 159 386 734 45 484 893 827 155 728 1 331 996 221 771 812 946 910 878 79 627 40 524 231 657 593 635 27 403 503 88 372 540 142 181 842 568 618 729 425 843 971 328 684 52 205 6 487 591 880 694 383 791 160 413 275 370 442 206 24 686 826 713 417 736 277 532 25 112 295 17 519 218 190 882 840 936 527 431 433 180 430 690 392 187 703 72 57 16 301 928 82 516 512 511 403 179 132 689 177 735 84 836 984 584 8
53
32 40 26 9 18 11 15 36 53 4 12 47 8 17 31 50 3 21 42 45 52 16 10 49 35 5 19 7 51 39 46 23 44 38 14 24 18 2 44 34 25 2 38 33 30 33 22 37 27 48 20 37 43
20
4 3 5 15 11 15 16 14 13 9 2 11 9 2 7 8 19 4 2 6
20
9 15 9 12 11 2 12 16 14 15 16 18 5 19 13 3 8 11 7 13
100
59 40 14 21 34 94 83 89 60 49 70 87 55 70 65 76 28 17 51 16 15 9 39 90 7 99 86 29 47 23 78 56 24 60 81 43 74 6 79 35 100 20 53 8 97 40 86 32 93 88 17 33 5 85 9 85 6 25 80 15 75 81 3 26 45 44 40 88 56 10 19 20 10 36 98 71 24 61 31 44 57 12 33 70 13 41 58 40 72 48 40 46 36 63 13 85 50 12 1 4
10
3 10 8 6 8 1 9 2 7 6
10
6 5 9 1 3 3 5 9 7 2
20
4 8 18 12 2 4 8 19 4 20 7 4 10 5 19 8 19 5 20 3
100
83 4 59 87 56 9 5 76 6 64 14 31 46 90 37 90 11 86 35 54 39 56 74 7 99 15 45 47 11 17 12 68 28 60 67 90 15 55 54 64 58 62 19 52 64 50 79 93 31 87 9 10 12 39 97 5 37 42 87 80 38 6 52 10 42 3 91 32 90 54 28 23 56 68 5 8 61 68 47 79 59 47 68 14 32 73 59 8 95 14 20 31 48 47 37 15 61 5 6 32
320
124 59 167 55 145 293 199 318 135 159 116 31 309 10 200 186 187 103 239 71 118 234 213 177 175 63 159 263 1 61 120 141 253 298 121 59 134 299 227 75 114 114 318 69 146 191 271 138 42 273 174 15 140 274 245 97 35 200 141 80 166 153 243 212 171 40 34 132 297 23 120 182 305 246 167 252 261 45 189 298 143 3 192 41 46 18 229 178 284 239 251 296 27 237 248 106 93 127 278 256 320 169 288 296 180 49 179 201 71 199 52 190 314 282 165 125 209 185 233 258 123 96 162 173 210 76 2 45 274 59 284 273 220 310 235 162 196 16 83 148 127 301 73 169 313 313 187 202 76 316 213 87 203 176 312 72 119 178 109 265 219 87 71 159 161 223 18 66 99 200 177 302 215 267 221 70 292 110 228 308 114 234 153 237 64 48 227 281 311 40 129 76 303 146 279 301 208 209 292 165 150 303 226 160 198 51 128 130 256 51 28 7 243 160 122 280 166 229 90 223 22 107 204 176 211 82 109 121 222 87 193 311 137 209 242 158 263 312 213 269 163 19 58 237 149 119 123 6 108 32 254 145 296 175 196 91 318 56 118 309 186 122 73 307 157 204 47 279 84 241 11 227 152 98 21 219 295 128 88 80 3 173 295 186 30 248 165 189 297 202 97 248 195 121 244 104 74 123 55 93 69 99 231 320 257 127 225 173 147 100 188 195 38 297 47 211 60 150 299 316
1000
751 887 615 880 457 59 638 477 823 147 15 86 152 417 884 957 603 282 837 841 341 27 782 714 566 226 530 277 691 990 81 74 173 119 839 534 412 391 498 241 631 870 790 70 785 476 343 932 289 3 595 654 56 826 237 632 582 278 91 179 986 464 210 426 505 351 264 853 998 539 515 798 255 836 213 306 64 721 620 77 486 753 269 689 756 192 398 953 692 851 799 261 151 297 792 876 190 600 10 197 238 973 637 482 425 230 551 392 537 140 24 542 345 348 47 378 382 356 625 259 618 601 951 460 124 764 106 642 333 62 613 917 856 845 334 185 396 490 104 6 584 797 299 122 969 510 358 834 805 747 36 779 175 480 390 672 609 272 14 806 698 376 766 585 49 163 427 724 596 931 223 362 702 114 795 352 700 830 895 254 517 619 44 901 935 296 437 222 872 978 814 236 987 386 1000 433 218 183 150 221 251 500 911 930 416 660 855 418 441 244 276 111 882 292 959 485 791 233 513 167 414 340 65 177 12 350 703 831 68 725 914 843 658 253 984 762 329 260 773 57 899 863 116 682 293 577 332 772 820 554 367 663 947 369 653 489 402 82 78 669 614 165 922 718 313 999 105 89 743 677 449 63 646 816 125 570 897 874 133 118 337 550 267 655 206 18 456 910 115 527 184 148 503 186 591 657 159 726 504 365 54 920 405 66 475 471 123 204 403 328 153 818 812 624 781 727 507 996 234 952 748 231 492 274 531 871 94 273 235 641 130 964 208 558 9 846 393 300 174 410 436 424 164 786 304 149 629 160 685 512 561 5 644 1 110 214 807 688 39 155 801 466 888 85 665 399 573 992 146 541 42 363 61 33 109 193 565 430 479 639 918 713 224 597 440 502 599 458 545 508 257 16 532 720 549 4 298 528 121 83 408 981 526 465 420 113 493 729 176 612 607 652 958 453 538 593 316 312 434 373 95 866 804 905 651 745 360 564 915 446 201 557 774 777 459 421 26 765 780 634 994 776 383 982 709 34 100 467 670 860 881 228 572 474 37 307 568 769 17 366 499 377 707 321 680 898 543 422 161 182 544 763 232 890 678 731 263 327 784 736 491 575 868 579 101 752 353 435 733 372 722 250 117 893 569 302 207 963 924 38 578 605 252 361 822 211 374 681 674 997 581 8 75 314 744 67 671 308 937 635 194 103 879 778 472 7 79 971 239 325 583 594 25 180 248 877 590 991 217 51 738 108 31 819 315 891 927 521 385 154 628 742 771 989 102 487 451 354 610 630 955 141 469 715 450 128 995 45 626 904 205 633 608 787 976 849 886 162 347 954 415 975 199 985 359 134 346 2 723 571 143 357 754 878 135 645 755 245 793 438 522 717 284 943 789 687 847 488 291 708 249 481 548 796 11 944 857 706 783 50 913 760 322 567 520 592 536 705 452 371 648 746 696 142 35 949 848 873 861 923 270 617 666 875 52 442 32 171 903 46 60 280 483 576 283 409 604 616 693 98 535 120 203 13 320 829 962 647 468 684 349 650 484 71 974 344 96 800 88 934 387 739 303 305 240 850 364 908 589 462 215 735 262 497 598 844 246 463 694 428 919 711 606 473 980 324 965 28 275 69 227 370 432 885 533 448 423 335 318 668 200 431 712 523 330 265 936 339 586 690 968 983 444 662 889 529 20 258 813 933 158 400 268 166 518 202 331 53 704 447 862 126 946 216 139 894 656 494 191 212 902 209 828 892 72 673 560 827 326 470 686 967 864 622 824 588 977 189 172 136 925 740 803 912 832 942 295 266 107 156 112 380 683 287 562 87 811 419 757 659 388 379 384 501 80 960 553 99 921 509 547 23 988 909 761 649 196 768 29 809 972 961 76 407 676 243 993 439 22 858 454 401 552 750 524 623 835 48 127 455 30 43 144 719 808 519 514 941 342 129 195 219 741 838 929 281 701 290 732 394 288 406 92 368 301 817 168 319 317 695 90 169 627 225 643 640 404 559 945 84 611 309 770 869 310 525 737 940 767 661 939 563 587 495 19 833 664 865 511 41 950 375 883 93 896 137 926 602 556 730 294 852 170 286 734 948 697 574 389 429 73 311 699 247 621 97 506 867 181 381 716 928 55 788 749 546 580 636 336 58 411 794 132 21 157 40 815 906 256 395 758 220 145 271 854 242 810 966 802 555 478 679 178 821 759 970 285 188 728 540 138 859 840 938 956 842 825 443 198 907 461 667 916 710 397 900 187 979 445 229 413 323 131 675 775 355 516 338 279 496
10
10 1 4 1 9 4 2 6 3 2
20
14 11 11 19 7 2 14 17 10 7 3 19 20 10 10 12 13 2 11 4
53
15 14 36 10 3 49 48 6 27 43 13 23 1 37 7 32 2 11 47 22 17 5 43 39 52 30 28 16 51 4 26 45 41 44 50 22 46 33 19 35 50 38 51 36 20 34 40 29 31 35 12 42 9
10
7 4 6 3 7 8 9 6 10 5
160
133 7 30 53 75 110 148 53 62 150 88 85 93 100 157 28 13 126 144 22 145 55 83 7 35 36 97 62 31 61 39 141 96 37 71 101 92 149 137 60 123 46 18 94 12 155 118 76 146 91 139 21 120 52 138 66 32 147 87 57 14 158 107 49 48 135 53 10 95 81 113 142 123 154 51 69 63 80 86 64 43 25 58 77 23 127 84 140 98 112 160 132 4 15 103 6 156 152 79 114 159 133 125 3 29 131 11 48 90 72 56 59 65 40 122 38 78 99 136 44 145 54 34 1 109 128 151 74 98 124 115 26 111 17 116 45 24 117 47 129 33 19 57 41 50 134 20 70 105 130 153 42 27 68 82 16 119 106 104 5
101
6 37 58 41 69 23 17 38 52 51 60 68 101 29 86 95 66 47 89 12 40 16 19 30 48 100 36 13 27 49 3 50 79 38 31 42 39 22 14 85 54 43 65 26 20 64 57 59 90 55 96 67 66 77 24 72 1 15 99 28 95 41 5 94 76 53 44 62 56 49 10 11 9 75 45 84 35 87 21 18 49 97 53 7 78 71 46 25 73 82 74 52 11 2 32 33 63 10 74 88 80
969
722 673 636 162 791 163 681 97 352 606 472 903 393 376 379 704 432 579 139 325 291 376 11 650 943 518 557 250 348 437 918 132 447 609 347 595 647 233 814 952 634 899 696 63 831 806 501 195 202 257 882 857 538 144 716 621 639 912 892 793 102 634 832 98 350 456 431 18 529 19 963 839 66 482 165 824 229 661 204 748 673 758 615 259 712 426 371 136 712 787 760 140 797 879 955 524 515 828 946 331 718 71 744 334 840 563 750 784 895 316 50 837 688 699 928 339 365 299 539 129 359 521 282 119 612 659 894 558 223 88 81 374 109 160 755 805 242 171 158 862 96 961 658 44 388 225 769 83 927 855 674 962 660 227 183 221 131 919 869 948 964 112 226 69 475 935 777 346 931 113 926 517 780 822 781 68 435 355 480 20 604 735 448 550 722 271 360 562 199 3 670 436 197 619 799 600 427 553 309 362 254 215 258 78 424 635 326 582 949 500 506 900 875 304 576 27 218 473 645 466 588 382 715 176 312 555 55 268 641 343 548 617 29 965 492 585 554 276 569 750 408 690 920 143 460 630 435 702 906 938 854 692 810 253 680 330 263 12 929 960 944 245 763 742 870 652 220 92 807 561 958 108 416 118 513 391 333 457 361 287 459 465 270 789 15 159 711 142 551 672 177 957 313 280 858 389 581 366 245 77 178 460 407 923 886 63 967 833 873 890 105 540 798 455 530 523 115 522 804 488 87 122 614 293 624 230 288 668 319 318 418 297 726 7 235 511 25 79 217 838 746 82 450 26 860 285 107 358 52 753 246 100 740 48 273 731 249 852 509 969 770 252 933 186 295 706 728 471 570 59 906 959 449 583 127 882 940 592 392 663 776 37 409 809 556 262 111 829 279 950 148 563 759 697 292 42 93 885 662 338 684 222 502 249 625 708 33 936 147 945 247 698 187 117 705 411 629 954 772 813 216 481 722 751 546 898 767 125 719 110 289 319 134 378 151 395 241 884 208 486 564 260 812 90 403 84 166 541 281 206 924 181 685 175 861 4 405 251 454 9 387 904 274 107 64 534 61 504 871 916 406 28 179 157 499 856 930 908 791 198 735 44 394 593 243 313 646 736 447 801 649 792 269 741 565 104 73 730 34 238 497 607 580 796 425 909 589 722 367 749 571 296 277 700 897 390 173 21 605 458 433 398 302 725 907 23 207 223 337 603 349 953 845 762 255 489 785 533 76 666 196 707 567 123 485 53 305 738 601 239 380 11 392 353 552 440 375 846 168 384 687 465 236 356 871 503 478 803 932 542 842 130 177 871 89 695 72 653 868 8 701 590 878 156 732 710 713 402 754 679 282 237 836 638 23 773 516 354 447 400 80 921 211 925 761 244 771 410 768 949 99 723 735 307 851 327 651 887 429 796 267 720 224 430 275 41 300 722 819 445 714 628 75 599 783 91 32 124 6 743 141 453 487 94 234 13 811 377 520 818 547 213 532 451 596 693 881 883 820 219 648 788 534 578 138 461 536 894 137 623 843 95 294 850 342 174 745 301 415 491 184 951 298 507 863 209 942 79 120 10 830 322 671 180 428 914 414 286 101 369 656 476 968 514 612 228 847 525 423 901 733 442 164 146 840 167 210 290 642 204 413 129 786 463 917 45 662 537 817 634 877 308 489 420 87 866 665 452 470 278 627 264 910 67 774 611 844 566 594 893 682 823 573 678 802 574 116 587 417 559 317 947 686 727 528 81 618 421 266 816 734 231 106 849 200 149 490 419 804 663 815 56 203 841 444 193 956 821 329 602 914 154 314 644 40 249 373 153 597 310 169 182 126 161 70 586 351 504 633 283 345 155 591 399 336 65 192 340 214 891 131 952 526 324 941 443 477 114 58 248 874 915 519 120 205 35 54 848 640 575 190 103 467 775 512 265 934 464 439 341 261 128 795 691 626 724 739 441 412 191 483 888 790 902 549 957 827 74 825 396 696 572 939 86 434 479 560 694 47 782 855 789 484 397 36 864 494 527 328 462 757 865 145 414 368 311 240 664 188 306 510 60 364 57 320 667 189 717 616 496 872 332 157 62 966 610 49 194 655 721 170 131 381 401 826 212 385 272 729 598 622 798 372 363 423 677 669 16 544 778 737 880 172 723 730 505 438 386 457 752 446 896 531 535 493 889 206 545 256 814 344 905 24 85 643 584 800 121 152
