50
3
1 2 3
2 3 5
3 5 6
2 3 4
1 2 3
8
19 24 31 37 38 47 49 54
5 6 8 10 11 16 21 23
11 25 28 34 37 38 43 49
10 15 19 21 25 28 29 33
14 16 22 26 28 31 36 41
23 28 34 44 49 51 54 59
15 17 25 30 34 37 39 44
16 28 31 37 42 47 49 51
6 15 16 17 19 24 27 28
18 19 27 35 37 42 44 48
10 21 26 30 35 37 42 44
5 10 14 15 18 19 22 23
23 33 41 44 48 54 55 59
22 27 33 42 43 49 52 55
21 29 36 39 44 49 52 54
10
12 15 16 20 22 24 27 29 31 33
9 13 16 17 20 22 25 27 29 31
6 10 12 15 17 19 21 22 24 26
8 11 13 16 17 19 20 21 22 23
11 15 17 18 21 24 27 29 30 33
9 12 14 17 19 20 22 24 26 28
4 6 7 9 10 11 13 15 17 18
13 16 18 22 24 26 29 30 33 35
5 8 10 11 12 14 16 17 19 21
7 11 14 16 19 20 23 24 26 27
2 3 4 5 6 7 9 11 13 14
10 13 15 19 21 23 25 27 29 30
5 9 11 14 16 17 19 20 22 23
2 4 5 6 8 9 10 12 13 15
13 17 19 20 22 26 29 31 33 35
4 7 10 12 13 14 15 16 18 20
3 6 8 9 11 12 13 15 16 17
6 9 12 14 15 16 17 18 20 22
14 18 21 22 23 28 30 33 35 36
4
4 5 6 7
4 5 6 7
2 3 4 5
3 4 5 6
2 3 4 5
1 2 3 4
1 2 3 4
4
9 11 12 15
7 8 10 13
8 9 10 12
3 4 7 9
4 7 9 12
3 6 8 11
6 7 8 11
4
5 6 7 8
9 10 11 12
3 7 11 15
4 8 12 16
1 2 3 4
13 14 15 16
1 5 9 13
6
14 18 19 22 27 31
1 2 6 9 10 13
6 7 11 14 17 19
2 5 8 9 15 18
10 13 16 18 25 27
11 15 17 21 25 29
9 10 12 17 21 22
5 8 11 12 16 18
1 4 5 8 11 14
4 5 7 10 13 14
8 9 14 17 18 19
4
10 13 15 16
7 11 14 16
7 9 12 14
3 4 7 10
3 5 6 7
4 7 10 11
5 7 9 13
4
7 10 12 14
7 10 12 15
10 13 15 17
9 11 14 17
5 6 10 11
2 4 7 9
4 6 10 13
10
5 6 7 8 9 10 11 12 13 14
10 11 12 13 14 15 16 17 18 19
10 11 12 13 14 15 16 17 18 19
8 9 10 11 12 13 14 15 16 17
8 9 10 11 12 13 14 15 16 17
5 6 7 8 9 10 11 12 13 14
1 2 3 4 5 6 7 8 9 10
4 5 6 7 8 9 10 11 12 13
2 3 4 5 6 7 8 9 10 11
7 8 9 10 11 12 13 14 15 16
9 10 11 12 13 14 15 16 17 18
3 4 5 6 7 8 9 10 11 12
6 7 8 9 10 11 12 13 14 15
9 10 11 12 13 14 15 16 17 18
3 4 5 6 7 8 9 10 11 12
6 7 8 9 10 11 12 13 14 15
7 8 9 10 11 12 13 14 15 16
4 5 6 7 8 9 10 11 12 13
2 3 4 5 6 7 8 9 10 11
3
3 4 5
1 2 3
1 2 3
2 3 4
2 3 4
3
4 5 7
1 2 4
2 4 5
1 2 4
4 5 7
4
2 4 6 8
6 7 11 14
6 8 10 11
4 6 10 12
8 9 12 14
2 3 4 6
4 5 6 7
10
13 20 22 25 28 33 36 37 43 48
17 28 33 35 37 42 44 47 50 55
13 17 21 27 28 33 37 44 49 50
5 8 15 20 22 29 33 36 37 39
10 14 16 23 25 31 35 41 42 46
29 37 39 43 48 50 55 60 63 66
22 29 31 33 37 40 47 52 54 62
27 34 37 40 43 48 50 56 58 64
1 4 8 10 13 15 17 22 24 29
10 15 20 23 27 31 32 33 40 43
19 24 28 32 36 39 44 48 52 59
14 19 24 31 33 36 42 46 51 54
24 35 37 42 49 51 52 54 58 63
8 11 15 16 21 24 28 31 37 39
22 31 36 41 44 46 48 52 56 60
15 25 29 31 33 36 39 40 48 50
29 38 39 46 50 54 59 62 64 66
4 6 8 14 17 19 24 29 34 37
1 2 5 10 13 14 19 22 27 29
7
7 9 16 18 21 22 25
10 11 16 18 21 23 26
4 6 7 9 13 16 19
13 15 19 22 26 28 31
11 13 18 21 24 26 27
3 4 7 10 11 13 15
13 19 22 26 27 31 33
10 13 19 21 24 26 28
15 16 21 25 28 30 33
5 6 10 11 13 15 16
7 10 13 16 19 20 22
3 5 6 7 10 12 13
12 16 20 23 26 28 30
8
9 12 14 15 18 19 21 24
10 12 13 14 16 18 19 21
8 10 11 14 17 18 20 23
5 6 7 9 10 11 14 15
4 6 7 8 12 13 15 16
12 14 15 17 19 20 21 23
3 5 6 7 8 10 12 14
13 15 16 18 21 23 24 25
1 2 4 5 6 8 9 11
6 8 10 12 15 16 19 21
8 10 12 13 15 17 18 19
2 5 6 7 10 12 14 15
1 3 5 6 8 10 12 13
5 7 9 11 13 14 17 18
6 7 8 11 12 14 15 16
3
2 3 4
3 4 5
1 2 3
3 4 5
1 2 3
2
4 8
2 4
2 6
2
6 8
2 6
4 8
2
2 22
2 22
22 222
7
22 24 26 29 31 32 34
4 9 13 16 17 18 29
3 8 12 13 14 15 26
2 7 8 9 10 11 24
1 2 3 4 5 6 22
2 7 8 9 10 11 25
5 10 14 17 19 20 31
6 11 15 18 20 21 33
5 10 14 17 19 20 30
4 9 13 16 17 18 28
6 11 15 18 20 21 32
1 2 3 4 5 6 23
3 8 12 13 14 15 27
10
1 2 3 4 5 6 7 8 9 10
2 12 22 32 42 52 62 72 82 92
7 17 27 37 47 57 67 77 87 97
51 52 53 54 55 56 57 58 59 60
4 14 24 34 44 54 64 74 84 94
71 72 73 74 75 76 77 78 79 80
3 13 23 33 43 53 63 73 83 93
11 12 13 14 15 16 17 18 19 20
5 15 25 35 45 55 65 75 85 95
61 62 63 64 65 66 67 68 69 70
10 20 30 40 50 60 70 80 90 100
81 82 83 84 85 86 87 88 89 90
1 11 21 31 41 51 61 71 81 91
6 16 26 36 46 56 66 76 86 96
21 22 23 24 25 26 27 28 29 30
8 18 28 38 48 58 68 78 88 98
31 32 33 34 35 36 37 38 39 40
9 19 29 39 49 59 69 79 89 99
41 42 43 44 45 46 47 48 49 50
5
12 18 22 24 26
3 8 11 15 18
9 15 18 22 26
2 3 4 7 9
10 11 12 16 18
4 9 12 17 22
2 6 10 11 12
6 8 9 13 15
11 15 17 18 22
10
1 3 6 9 11 13 16 18 21 23
18 21 24 27 28 30 33 39 41 42
12 16 21 24 32 34 37 39 42 43
9 11 16 19 27 28 29 30 33 34
21 23 27 28 29 33 35 42 43 46
16 19 21 24 26 29 32 37 38 40
16 20 25 27 34 37 40 42 46 48
4 6 8 12 15 18 19 21 23 25
3 6 7 8 9 11 14 16 19 20
1 4 5 6 8 9 11 12 14 16
6 8 12 15 21 23 24 27 28 30
23 25 29 30 33 34 38 43 44 48
9 12 14 15 16 19 22 24 26 27
13 18 19 23 25 28 31 34 36 37
6 8 10 12 15 16 18 21 23 25
14 19 23 26 33 36 38 41 43 44
11 15 18 21 24 27 29 32 33 34
5 7 10 14 18 19 21 24 27 29
8 9 15 16 24 25 26 28 29 33
8
15 18 19 20 22 25 29 31
10 11 15 17 18 23 25 28
16 19 20 22 24 26 32 34
11 14 18 20 23 24 25 26
5 9 13 14 17 18 20 22
12 14 16 18 21 24 27 30
7 8 13 14 17 20 22 25
2 3 4 5 8 11 14 17
3 4 5 8 11 14 18 19
17 18 22 25 28 30 31 34
4 5 10 13 16 18 20 22
2 3 4 7 10 12 15 16
8 12 16 17 18 21 22 24
4 7 10 13 15 16 19 20
14 16 20 22 25 27 29 32
7
1 2 3 4 5 6 7
6 7 8 9 10 11 12
1 2 3 4 5 6 7
7 8 9 10 11 12 13
5 6 7 8 9 10 11
2 3 4 5 6 7 8
3 4 5 6 7 8 9
4 5 6 7 8 9 10
2 3 4 5 6 7 8
4 5 6 7 8 9 10
5 6 7 8 9 10 11
3 4 5 6 7 8 9
6 7 8 9 10 11 12
2
2 4
2 6
6 8
4
2 3 5 6
5 8 10 11
3 5 7 8
5 7 8 10
2 3 4 5
6 9 10 11
4 7 8 10
4
4 5 7 9
4 7 11 15
5 8 14 17
9 13 19 23
15 17 19 23
7 8 12 13
11 14 15 19
4
1 2 3 8
7 10 12 13
2 4 5 10
3 5 6 11
8 9 11 13
3 5 6 12
1 2 3 7
7
19 26 33 36 37 43 47
6 12 15 21 24 26 30
13 18 21 24 25 29 36
18 24 30 34 37 41 47
14 19 24 25 30 34 37
10 18 23 25 30 35 37
15 21 26 29 35 40 43
4 8 13 18 19 21 24
14 23 28 29 34 40 41
2 4 6 9 10 14 19
8 13 15 17 23 28 33
2 7 8 13 14 15 18
9 16 17 24 25 29 34
7
14 16 21 24 25 28 31
3 5 6 9 12 15 16
12 15 18 20 22 25 28
3 6 8 11 12 14 16
15 16 17 23 25 28 31
11 13 16 17 20 23 26
6 7 8 12 13 16 17
6 8 13 16 18 21 22
16 17 19 26 28 31 34
12 13 16 20 22 25 27
9 12 14 17 20 24 25
16 19 22 25 27 31 34
8 10 13 14 16 17 19
7
1 2 3 4 6 8 10
2 4 5 7 8 10 12
10 12 13 16 18 20 21
6 9 10 12 13 16 18
4 7 8 9 12 14 16
7 8 10 12 13 16 17
5 7 8 9 12 14 16
3 5 6 8 10 11 13
9 10 11 14 16 17 18
10 13 14 16 17 18 21
8 11 12 14 16 17 20
3 4 5 7 9 11 13
4 5 6 8 10 12 14
7
6 13 20 27 34 41 48
1 2 3 4 5 6 7
1 8 15 22 29 36 43
22 23 24 25 26 27 28
29 30 31 32 33 34 35
7 14 21 28 35 42 49
8 9 10 11 12 13 14
36 37 38 39 40 41 42
2 9 16 23 30 37 44
3 10 17 24 31 38 45
4 11 18 25 32 39 46
15 16 17 18 19 20 21
43 44 45 46 47 48 49
10
9 17 24 30 35 39 42 44 45 63
1 2 3 4 5 6 7 8 9 46
3 11 18 19 20 21 22 23 24 51
4 12 19 25 26 27 28 29 30 52
8 16 23 29 34 38 41 43 44 61
7 15 22 28 33 37 40 41 42 58
3 11 18 19 20 21 22 23 24 50
1 2 3 4 5 6 7 8 9 47
7 15 22 28 33 37 40 41 42 59
6 14 21 27 32 36 37 38 39 57
8 16 23 29 34 38 41 43 44 60
4 12 19 25 26 27 28 29 30 53
46 49 51 53 54 56 59 61 62 64
9 17 24 30 35 39 42 44 45 62
6 14 21 27 32 36 37 38 39 56
2 10 11 12 13 14 15 16 17 49
5 13 20 26 31 32 33 34 35 55
2 10 11 12 13 14 15 16 17 48
5 13 20 26 31 32 33 34 35 54
2
2 4
6 8
4 8
10
10 16 19 23 25 30 32 34 36 39
3 6 10 13 14 17 19 21 22 23
7 10 11 13 16 17 19 22 24 27
2 3 4 5 6 9 10 13 16 19
16 18 24 25 27 35 38 39 41 44
6 12 16 19 20 25 28 31 32 33
8 13 14 16 19 20 23 24 25 28
5 10 13 16 19 22 25 27 30 31
4 8 11 14 15 18 20 22 24 27
19 22 27 28 29 38 40 42 44 46
2 4 7 8 11 12 14 16 17 20
4 6 8 10 12 13 16 17 18 22
16 21 22 27 31 33 34 37 39 42
13 17 22 24 26 33 36 37 38 41
17 22 24 30 32 34 36 38 41 44
11 14 15 19 20 23 25 26 27 29
20 23 27 31 33 35 39 41 44 46
14 19 20 25 28 30 32 36 38 40
9 13 17 20 23 27 30 33 34 35
9
19 22 23 28 31 35 37 39 46
11 12 13 19 23 25 26 32 33
23 24 26 31 32 36 39 40 50
14 17 18 22 24 26 29 36 37
23 26 31 33 37 42 46 50 53
19 21 29 32 36 38 39 40 47
4 5 7 11 13 14 16 19 23
7 9 12 13 18 22 23 26 32
5 7 9 12 16 17 20 21 26
8 11 12 15 18 21 25 29 31
13 16 18 23 24 29 31 32 37
16 20 25 26 29 34 37 39 43
25 29 32 33 37 41 43 47 53
14 17 21 25 26 32 35 36 41
4 5 8 11 14 15 19 23 25
5 7 11 12 17 19 22 24 29
11 12 15 19 22 26 28 31 33
7
93 104 138 156 168 172 188
43 65 80 87 106 109 134
58 65 106 130 153 168 198
28 39 80 93 118 138 149
46 50 87 109 120 156 178
69 93 118 120 153 157 163
21 38 39 50 65 77 103
67 77 109 136 157 172 216
59 71 93 109 130 136 142
88 103 134 142 163 188 226
1 3 28 46 58 67 88
3 38 65 71 93 104 120
1 21 43 59 69 93 113
4
3 6 9 11
3 4 8 9
4 9 12 15
6 9 13 14
9 12 15 16
9 14 16 23
8 13 15 19
3
2 3 4
1 2 3
2 3 4
3 4 5
3 4 5
4
83 102 124 142
36 57 82 102
57 71 104 142
49 66 101 124
48 57 66 71
23 36 49 57
70 82 101 104
2
2 22
22 222
22 222
4
11 15 17 21
8 12 16 17
7 10 16 17
6 8 12 15
10 11 17 21
4 7 8 11
4 6 7 10
3
6 8 15
7 8 12
11 15 19
5 7 11
5 6 9
3
6 10 14
2 5 8
5 7 11
5 7 10
8 11 14
10
47 76 97 108 111 120 123 141 147 172
109 146 191 207 218 251 278 299 308 345
2 18 37 56 64 71 91 94 109 128
128 155 172 190 264 302 320 345 347 362
71 105 120 144 210 233 250 251 256 287
93 121 157 178 191 233 237 261 278 302
18 51 76 101 116 121 129 146 164 167
94 129 177 190 212 250 255 276 292 320
127 164 212 234 250 256 282 320 333 347
62 101 103 127 134 144 152 174 180 190
94 130 141 174 246 261 276 299 320 330
56 74 108 127 163 178 190 207 234 252
138 167 226 252 275 287 294 330 338 362
72 116 139 163 188 210 229 246 254 264
37 71 97 103 139 157 177 191 212 226
26 51 71 74 92 105 115 130 133 155
2 26 47 62 72 93 94 109 127 138
109 133 147 180 254 278 292 308 333 338
64 92 111 134 188 191 212 218 250 275
10
14 17 21 23 25 28 32 33 34 36
4 9 12 15 17 20 21 24 26 29
20 21 26 29 32 33 36 38 40 42
13 20 23 24 26 28 30 33 36 39
17 20 23 25 26 30 35 37 38 41
6 10 14 16 19 23 24 27 28 32
23 26 31 34 35 39 42 43 46 47
9 15 16 18 20 23 25 29 30 34
16 24 27 28 30 33 37 38 41 43
15 21 24 27 29 32 35 36 39 42
10 17 19 21 22 25 26 32 34 35
19 26 28 29 31 34 38 40 42 46
8 12 14 16 19 21 23 26 29 31
21 22 29 30 34 36 39 41 42 43
3 6 8 9 10 13 15 16 19 22
3 4 6 8 11 14 17 20 21 23
11 15 19 20 22 26 29 30 31 34
8 12 16 18 21 24 27 28 29 33
6 9 10 12 15 17 20 21 22 26
3
5 8 11
3 4 5
3 5 7
5 7 8
4 7 9
2
3 4
4 7
3 4
