100
6 8930098
6 0000001
6 9001646
6 2800001
6 4000389
2 111
6 0330001
3 3893
6 0900001
6 8070081
6 0010011
4 00001
4 11222
3 5951
6 1122222
6 0000077
6 7000671
6 7595141
6 1100001
2 317
6 0000021
6 0005001
0 5
6 2001001
6 0202001
6 0000001
6 2405921
1 91
3 1111
6 9999999
6 0100411
6 6000701
0 1
6 6052721
6 0000001
6 0006001
5 850001
6 1940001
6 5200231
6 1121221
2 007
6 2069008
1 01
0 1
3 0001
6 1111111
5 011011
6 0000001
0 9
6 3497276
6 0004897
6 4600001
3 3007
1 35
6 0001202
3 0073
3 0581
4 00931
3 2102
6 6600489
6 0708591
1 09
6 0304001
6 0002096
6 2121101
2 122
0 1
0 1
6 1210221
4 20891
5 120301
6 0707009
6 3087471
6 1020012
0 5
6 0080021
3 2201
6 9000001
5 950741
6 1212122
1 71
6 6000006
4 11111
3 7001
6 4347313
6 1669416
6 5000021
0 1
3 7001
6 2661798
6 5000089
3 4322
6 0020001
2 001
1 81
6 2102011
3 0001
5 110011
1 22
6 8988375
