100
5
0 0
10 0
10 10
0 10
5 5
7
436012 197216
-19933 -441438
-884417 -620418
-699357 -214155
527584 470712
81448 496862
783421 -46418
15
769773 349532
-908954 -573582
576971 -929169
-317733 -383854
158983 -277948
316808 -779396
248513 771638
-775684 -593631
272234 841854
149484 -45500
960089 -259674
-413913 356734
-549450 -629926
929827 478711
-181928 -787750
2
-975937 -426726
-913141 424834
10
-668154 788073
-75568 -587814
-261970 -445975
522955 -124472
-451958 -719104
800548 -325364
500082 -178564
-369252 -165261
-314512 129586
-268118 651651
15
-940110 -221096
910138 -588543
-709782 273456
902024 -320559
-424629 -174921
-390230 971064
706767 -657574
478658 763447
-218441 -794612
991129 137072
305002 963419
772095 -564413
501966 -882308
-887812 -130116
504446 -312561
15
-158809 -367067
-9652 -594589
154036 697152
-420237 -744436
40319 456283
-592700 -773799
138559 -39617
634297 456271
-202644 -63661
229081 976084
-760868 915997
-483166 -722217
-782805 862116
504025 -294205
751835 -655783
9
177460 1000000
736506 1000000
11116 1000000
693335 1000000
-104635 298209
-927376 1000000
457632 1000000
-143183 358747
639714 -58233
11
-49589 -1000000
-549234 -1000000
832266 -1000000
-580288 -1000000
-341855 -1000000
-924828 -1000000
168972 -1000000
87666 -1000000
-792455 -1000000
-901784 -1000000
426960 -1000000
5
-212446 -1000000
-835407 -785375
650957 907198
271111 -809202
259468 287246
7
1000000 -303854
1000000 -473315
1000000 822489
1000000 952056
1000000 -475621
1000000 -299211
1000000 692793
4
-942070 785303
779190 261341
-951371 277819
-141910 -868279
9
-663599 -1000000
-682009 -1000000
-698179 871347
861300 -803419
215732 -884417
682734 49749
356301 -181666
859850 -1000000
822036 -756719
15
929150 -548417
366000 753162
-989948 -941727
652306 593373
-271080 -331853
-219943 -429191
868229 359328
-694915 -122105
-975930 340641
774327 -996073
345568 730350
494690 -953663
884430 -918247
258653 -873775
776161 571303
13
824534 -1000000
-927420 -1000000
-524276 -1000000
266692 -1000000
-666278 -1000000
-654190 -1000000
-684147 -1000000
63456 -1000000
436460 -1000000
-108787 -1000000
-898536 -1000000
311455 -1000000
901983 -1000000
3
608811 -260919
945238 -405102
230965 -98985
15
-410888 -571172
718718 970437
86414 65977
988804 -256341
21725 -681922
-314294 -345669
740974 -347140
-604009 999893
-163641 -45532
957068 -305027
956233 -704262
797946 -109545
163849 -496137
373812 929962
-644113 843690
15
577754 -646665
759318 -778616
143861 975506
904908 994940
-79337 276872
-47613 233682
722488 -95306
-700155 -572841
-388763 -34668
-779490 -514013
-339396 -594809
2641 -13922
-515746 -804019
-379495 376752
467942 -552063
1
-559630 -993057
14
725971 -412869
576743 1000000
316526 -185331
-402548 -479040
-971661 1000000
357368 855025
852069 340226
538414 1000000
-814998 1000000
599261 619775
347433 1000000
148133 -72511
-383472 1000000
-979512 248793
3
589882 11210
499196 124928
-168469 11210
15
126326 -581540
860512 559428
585567 717801
-499939 305900
-989393 760967
-335275 -492909
-977652 176933
689513 294731
214521 -125826
-26117 620579
-926244 115591
716928 601799
831541 -516370
726116 -106092
-864413 127551
1
176692 911990
5
-765520 258759
979433 905304
-860897 -935617
519756 744520
-834542 698155
15
-696789 -934173
-930751 541844
895589 537002
341945 703339
597656 -945574
995919 -800491
253148 -115970
-236277 674752
216945 833765
193289 -677794
-700790 -173662
81094 -681883
413309 500218
-337354 550643
307994 -100161
15
-183530 -798928
-527913 -939293
20865 -739363
336750 -270967
286837 -918367
-720985 -840110
-258989 606200
58263 216695
344699 -798085
59624 -492581
759451 452859
67441 -169805
648603 -260758
-848543 -766773
-110539 -989583
11
158461 -288325
-976698 -313985
-744839 -517166
-588659 -1000000
224637 -1000000
-768422 -1000000
152501 -1000000
-55683 -1000000
610863 327614
470295 57655
-566251 -988152
13
249373 -988849
35961 58717
526822 245130
-752744 368087
708537 -800993
-473629 -759470
-885734 -970155
779780 -798574
842785 -81085
-238154 324198
811509 568321
288370 -530266
-878701 -130574
14
896955 -265857
163365 410878
-506980 962477
349443 -401096
-244723 843660
-874666 687754
-421184 329781
-312622 -753590
-977375 774642
731052 -376012
996644 -271690
-56004 163326
662037 -44174
472117 519158
15
-9552 443614
-875142 -731324
942361 -786729
337764 481233
-470125 478386
193004 -171454
-888600 217787
-103353 -376865
-423437 -55496
584526 -57232
-65065 694033
760259 489613
-351449 -546397
664664 -704194
181687 -130778
14
-938169 -485624
135287 19325
822568 -886258
-347529 -281023
513431 -736021
18350 807373
10752 -597344
-203777 -557252
852538 -223350
494590 729517
-914584 -920190
-684098 -948648
-958613 -628502
182113 -667693
9
-852337 -946955
829967 265916
952798 -260131
-290370 538345
436227 -161707
-223775 337665
-841546 136139
503552 -424446
582338 716836
12
989069 451276
250260 -166840
-887315 717423
322221 -108554
766607 -10898
-80754 53836
611178 -407452
956552 414862
619359 -353450
-217746 145164
45640 439500
87162 -58108
15
171171 983897
421404 759109
-946899 622913
389266 378230
209676 571113
-756559 594773
216398 -648812
-477524 325537
-595946 402639
993335 912458
156495 66053
151519 341
-465760 -87454
-125583 255852
557098 -896396
15
-440448 57979
806921 -644603
-111751 211566
-970079 -18536
857289 -163195
991503 -320909
-208738 581846
-480235 -60499
43888 899797
394154 806838
-613477 969167
-979201 -684198
-293587 425222
-45527 376892
-597103 -874568
15
593236 655044
-363853 336503
909343 -897057
-116912 -219337
881422 -196799
29454 -299125
-698424 403071
264784 706408
-581990 455137
-320996 -235528
-902061 -879817
-273608 395204
-95414 -174719
-645718 -460985
557891 -147391
15
538772 649720
225614 399271
-751521 225417
8760 -912179
-399500 -753221
-789387 -657013
616257 160670
-668642 -651634
-504075 983722
-496606 -203961
-340533 -949185
279405 847388
405519 748580
100184 -453133
702626 209322
14
600816 848784
118483 -1000000
579136 -1000000
243504 787518
830168 519060
924652 -746492
-926309 128004
-959250 37842
-131047 -1000000
-984143 -1000000
-882368 -856507
927986 -1000000
847422 131675
-884200 -1000000
15
-613455 69870
-70717 817142
648462 -466296
21123 -764956
-759116 863691
-416176 -402153
-11494 -3508
982688 647681
-605648 -481420
-161388 -483904
373047 -979375
-901731 207144
301938 420952
-298628 -828962
474738 993714
3
873569 -172759
-363317 -882675
540856 725118
13
-911647 125698
-367161 -685860
1000000 277109
1000000 -439571
1000000 269119
-550356 -183922
1000000 -397900
-133654 59228
1000000 -759273
-722661 -598293
270742 331871
-917062 -885779
1000000 481752
11
657576 1000000
898790 1000000
910100 1000000
-590872 1000000
222846 1000000
391749 1000000
464596 1000000
-361391 1000000
227438 1000000
-383315 1000000
-57179 1000000
12
-532988 57548
-180139 57548
-691254 57548
419789 57548
506228 57548
420517 57548
22889 57548
-178392 57548
147379 57548
432570 57548
123662 57548
-255436 57548
15
-650222 -743576
-951235 568630
154656 -286453
46226 -331447
66813 -630113
-864389 968227
72231 236188
-301471 984705
-452702 272796
531973 211408
143137 1034
-960722 -668713
-530043 -901902
514324 -907358
-13630 -124659
9
458900 495902
-542676 -782016
-934867 -74003
579355 726077
342911 -714266
155229 -430201
-874415 -610190
291168 -646706
160380 652284
7
-320809 1000000
-595709 1000000
-495111 1000000
-716257 1000000
-673208 1000000
427427 1000000
77333 1000000
9
320757 -503533
819041 -612726
97200 -966740
-626883 -951093
-105652 -722667
15918 -432156
-564472 -59805
523471 -492986
-764862 -644119
8
-892838 -446419
-581814 -290907
751772 375886
123082 61541
384936 192468
341724 170862
-472556 -236278
-792374 -396187
1
-291449 176974
8
1000000 577590
-660825 -847375
1000000 749159
1000000 -232529
942801 -655676
-505502 -687538
1000000 32570
1000000 -505009
4
-245143 671805
948681 671805
187098 671805
322123 671805
12
-948872 -948872
-39156 -39156
717520 717520
-526404 -526404
357237 -948335
-801108 -801108
234023 -887868
388429 -805161
26564 26564
-293431 -333753
-286368 -431595
442181 -726754
6
982018 -185792
393597 335120
-763420 305368
452180 236583
-394230 657673
475240 -190096
10
318385 -127354
-478465 191386
148605 -59442
-703115 281246
-402215 160886
-581990 232796
6605 -2642
-485175 194070
-500975 200390
294935 -117974
9
180353 491668
264340 -132170
-776976 709407
320682 81418
91484 -45742
-640280 320140
-798300 399150
-846344 423172
23408 -11704
14
127041 381123
-418872 -970923
-127926 -383778
-21564 -64692
1770 5310
-820724 771099
-168045 -504135
-225990 90295
-238369 501591
-378367 -408620
-27774 -83322
-448146 -555262
214272 642816
-145410 -23111
15
-136321 378839
-984700 -485458
661700 169076
946573 -537787
-138461 24527
-723659 501780
-898102 748552
-345818 -483802
-861705 136186
-192855 239050
-361374 -927468
891462 73405
661121 -888653
812044 -707313
368303 -686753
9
631883 -732627
631883 182512
631883 65650
631883 -907585
631883 40578
631883 -983724
631883 160433
631883 765102
631883 -251135
13
-524919 67079
-509288 -872297
-131395 -262790
-148400 -296800
376170 752340
63305 126610
23049 112295
250835 551066
187924 497021
-891789 125099
366740 733480
-284373 -386886
-72800 -145600
15
-763696 -167028
-898546 390584
588281 922667
-301185 -607951
-205321 -856201
159384 887412
-227046 -228767
484540 -954683
-965749 213966
-483141 237731
647441 -954870
-405389 731397
-420822 -532393
462311 -688887
-516495 -898372
15
-226563 924095
257415 -689423
-658193 943266
-594720 604581
-89086 -884485
-10867 406256
-834141 852529
-360728 777907
-762897 -564130
-797400 -481174
507870 560837
279670 860899
-487381 57782
-531255 169762
248101 -241569
9
759558 -634699
835017 195585
-227631 -529376
630103 197313
-226441 -260268
399654 236413
-755033 316182
37566 46175
959065 -33225
5
-898469 -816134
-11790 -288840
-236319 -254218
-293060 -788752
538083 -254218
14
-838484 555081
-484152 -449041
919661 -522596
882724 482757
-514788 -218457
419713 494833
-552530 -980824
-90809 716901
267119 970639
-142972 86942
29441 29677
824790 -154344
72265 65309
-300580 -174540
12
706056 32591
172396 -872019
-201766 -988925
51358 595855
348534 267404
591137 -294498
-574363 192401
997810 436967
-163451 -285761
657617 588623
-477510 -27099
-846455 -95616
15
518806 778209
142738 214107
237466 356199
588056 882084
426920 640380
-320236 -480354
556936 835404
615996 923994
-644216 -966324
616260 924390
376272 564408
316374 474561
-607518 -911277
558052 837078
75198 112797
2
-650005 -509299
556046 229627
14
104868 -34956
-104484 34828
-745038 248346
-881982 293994
649092 -216364
-646734 215578
-835098 278366
-624510 208170
236922 -78974
949338 -316446
743166 -247722
261930 -87310
242688 -80896
-299400 99800
8
619172 -912006
-16936 -912006
-65521 -912006
-362072 -912006
838642 -912006
893118 -912006
710037 -912006
-975121 -912006
1
520625 -313504
9
-561808 -1000000
365339 -1000000
-411218 -1000000
-485563 -1000000
-771832 -1000000
-868310 -1000000
-936496 -1000000
108683 -1000000
-440568 -1000000
12
124502 972794
956478 -395618
497819 103225
205288 599446
-731873 938986
-775271 738946
-681301 686246
-7621 -639690
27469 -854421
-585712 272866
-118401 470773
-99036 -320229
14
457086 -130596
804454 785687
838061 -239446
-143899 903939
-685328 195808
-815514 233004
-326653 994264
745968 272956
94968 402590
-503874 143964
797055 -227730
-267964 946977
28574 290562
-859152 245472
7
-62904 -566136
-109824 -988416
102974 926766
83807 754263
215 1935
-64468 -580212
54805 493245
10
-486988 197668
-486988 -73848
-486988 -529610
-486988 999526
-486988 305686
-486988 -912639
-486988 494183
-486988 -596941
-486988 49400
-486988 739836
11
-564848 282424
-238200 119100
-644768 322384
914024 -457012
-972168 486084
-590768 295384
969464 -484732
905576 -452788
-934928 467464
810504 -405252
120728 -60364
15
-388551 -709270
323102 109142
121275 -597648
-295316 -807609
938692 886484
-145483 -341931
-305405 704551
-66042 634369
8878 161062
953343 -347736
444671 996773
357438 -586835
310431 929946
-893525 -305117
-161452 -89167
8
432404 121769
-696030 -555607
-58340 913329
610866 -974656
-530961 572605
-401198 -818310
496120 -667567
925817 -758792
2
462890 277734
827869 -61116
7
591102 -752380
-272856 915357
-593935 -442481
42741 130682
-902801 -987752
-149179 -868605
759898 -925414
15
639447 338628
-50305 26812
-257380 725834
-667026 -291793
480164 -558939
452375 584003
52716 -906229
491518 229974
616570 -509008
-169155 -728203
-541052 -937423
383807 -689683
13438 -645102
417903 230649
-927777 215895
15
-914979 357687
642052 315699
890542 -559642
643001 519799
-167433 -347741
-288399 371475
161916 -518901
367117 458817
-942655 212214
-218011 -332704
549584 789618
-276862 253661
-951419 -499332
430768 32848
995627 301413
9
-696963 863288
839628 773650
-732889 857325
455472 987189
-212740 451505
-470197 -213047
670457 996729
-848576 887653
-542174 251631
3
294988 -529385
119399 491325
-674514 -158022
3
462616 346962
-689960 -517470
490296 367722
15
466883 563193
-429636 153301
992964 78783
-420871 75495
-748679 -955060
-210919 -334688
-249753 -52278
439336 286040
912109 985831
-12153 670650
-476427 353100
246538 376784
-335962 -772913
904256 -840598
906206 767
9
6680 -858503
337233 -858503
863338 -858503
302607 -858503
-277126 -858503
-465817 -858503
-14867 -858503
519609 -858503
863295 -858503
10
45812 913940
496794 273348
-203605 -382358
-203605 -630163
772179 -902055
-203605 673581
-203605 -384796
-203605 -424437
-194518 -106056
-203605 -128344
15
237829 -846143
160690 -45904
-329270 763356
855581 898741
361799 876028
-792758 -92619
-166222 358403
-769632 -244656
649085 24435
-68983 250562
-102346 444533
-183180 459982
-456886 453923
-742669 890371
144963 -354931
15
125568 -712323
-325659 -976164
998547 767933
882552 -720292
-121701 -835530
489308 -168347
-484993 725342
723247 800552
541047 773240
-257938 -138292
684052 -645446
-914985 -809094
-591450 103747
694128 -849255
-177332 39903
15
-768548 -47670
164138 -714058
-52558 -640066
-746737 220882
-8117 39774
469053 18290
-846102 344353
-574760 920500
-37505 775594
5223 -385445
811968 333444
174559 430321
923948 19200
-181119 996086
21712 -340069
6
-295000 -327249
911656 -383852
-793076 -675484
-965264 -858513
779779 -806145
-313374 -102012
2
1000000 87219
1000000 489253
8
-497206 -178813
-713812 -131270
-152576 -131270
49278 -131270
909475 -131270
73472 -131270
-941074 -227233
-992147 -131270
11
879948 -655123
277614 -572004
113145 889539
226966 -830022
438359 331209
126749 450557
-941911 997387
481007 -11597
955496 -934679
-55088 469529
-987549 -648504
10
868103 -163885
878423 868489
343240 -462941
-842957 -276626
781049 -297138
-465955 960
233932 481161
-451020 588658
620683 957316
157230 -306717
14
-913654 -1000000
468547 -1000000
880980 -1000000
269392 -1000000
-722816 -1000000
825036 -1000000
-471064 -1000000
-305242 -1000000
53702 -1000000
525330 -1000000
-243452 -1000000
540090 -1000000
-982017 -1000000
-4390 -1000000
9
833861 816827
-996936 498468
-156117 175725
187519 158769
521283 247
-200240 219857
811296 75302
-520568 540434
-147251 908782
4
469743 225208
-489645 -247541
314728 370464
232133 -618165
12
305643 530963
-803912 530963
523726 530963
-316628 530963
-289135 530963
297393 530963
-973751 530963
-22294 530963
646601 530963
179436 530963
-953649 530963
-598334 530963
