500
1 1
1 4 3 2
1 3
1 8 2 7 3 4 5 6
2 2
8 1 4 5 2 3 7 6
1 1
1 3 2 4
4 10
2 1 20 19 7 10 22 23 18 5 14 13 16 15 26 27 6 17 9 8 25 24 28 3 4 21 12 11
16 6
29 30 3 42 2 1 7 8 28 31 26 25 17 38 18 35 41 6 40 39 22 23 9 10 44 43 19 20 27 24 32 33 15 16 37 36 11 12 14 13 4 5 34 21
3 33
10 13 5 68 3 2 41 44 47 46 50 51 31 40 33 34 66 65 48 49 23 26 29 28 59 14 11 12 4 1 70 71 67 6 37 36 15 56 20 17 69 72 35 32 22 27 21 54 45 30 52 53 63 62 19 18 55 16 39 38 43 42 25 24 57 58 8 9 60 61 64 7
4 1
10 5 6 9 4 3 2 1 8 7
10 2
12 11 22 23 6 5 2 13 4 3 16 15 19 14 7 8 17 18 24 1 21 20 9 10
1 50
5 96 46 45 42 59 40 41 8 9 100 101 69 34 55 56 98 97 3 2 29 30 64 63 102 1 70 71 57 58 10 89 50 47 17 16 88 13 38 65 84 15 77 76 87 14 68 67 27 26 25 24 72 75 80 79 82 83 37 36 73 74 48 49 12 11 54 53 81 18 51 52 60 39 20 21 90 91 6 7 99 4 92 93 62 61 95 94 32 31 23 22 78 19 43 44 85 86 33 28 35 66
3 33
62 63 25 24 70 69 38 37 47 46 15 14 33 34 52 51 36 35 23 22 49 50 21 48 64 65 7 6 11 16 9 10 5 4 40 39 41 42 45 44 30 29 61 60 56 57 31 32 27 26 71 72 20 19 12 13 58 59 43 28 67 2 68 1 53 54 66 3 17 18 55 8
7 8
4 3 23 24 12 7 1 2 25 26 10 11 22 29 5 6 9 8 14 21 17 18 15 16 13 30 19 20 27 28
7 14
21 22 23 20 8 17 16 9 42 1 33 24 14 11 28 29 35 18 4 39 30 27 19 34 13 12 32 25 6 37 40 3 36 7 2 41 15 10 5 38 26 31
5 20
6 39 40 43 17 18 15 16 49 50 12 11 29 10 34 33 8 9 48 5 24 23 25 26 36 35 42 41 7 38 4 1 19 20 44 45 14 13 3 2 27 28 21 22 31 30 47 46 32 37
25 3
14 5 47 48 31 22 15 16 33 34 2 1 50 49 54 53 10 9 25 26 19 20 45 42 43 44 39 40 8 13 27 28 35 32 46 41 3 4 7 6 12 11 56 51 37 36 29 30 23 24 38 21 18 17 52 55
12 4
30 29 9 12 25 20 5 4 16 15 21 22 2 31 27 28 19 18 24 23 3 8 1 32 14 17 10 11 26 13 7 6
19 5
16 17 35 14 20 31 32 19 3 48 21 24 23 22 34 33 13 36 25 30 40 45 2 1 42 43 27 28 38 47 29 26 44 41 46 39 4 5 12 37 6 11 18 15 9 8 10 7
16 6
33 36 41 4 5 40 13 12 29 28 25 8 18 23 31 38 6 39 10 15 19 22 16 9 43 2 20 21 44 1 24 17 7 26 37 32 34 35 14 11 3 42 30 27
32 3
32 31 19 26 66 65 51 52 68 67 22 21 14 13 4 3 11 54 30 29 55 56 37 28 43 44 53 12 23 24 36 35 45 50 27 38 48 47 63 64 6 1 7 8 39 40 2 5 61 70 15 16 34 33 59 60 49 46 58 57 42 41 17 18 62 69 25 20 10 9
25 2
39 24 32 31 4 5 16 15 22 23 54 1 28 27 17 14 10 49 48 11 43 42 44 47 9 50 53 52 13 12 41 40 20 19 37 38 18 21 6 7 34 35 2 3 33 30 25 26 36 29 8 51 46 45
7 14
34 35 3 6 31 32 20 19 2 1 21 22 39 40 38 37 4 5 29 28 30 27 13 14 41 42 11 10 15 16 23 18 17 26 7 8 24 25 9 12 33 36
10 1
4 21 22 1 3 2 14 11 12 13 10 15 9 16 20 5 7 18 17 8 19 6
13 7
3 20 13 10 33 2 15 14 1 40 9 4 5 8 34 35 12 11 37 38 29 32 7 6 23 28 25 26 16 19 31 30 21 22 24 27 18 17 39 36
5 2
7 6 14 5 1 4 13 12 8 11 2 3 10 9
2 31
25 40 58 55 37 36 46 47 27 26 45 44 60 59 5 4 17 16 61 6 33 32 14 15 23 24 42 43 3 66 49 50 54 53 52 51 63 62 18 13 56 57 1 2 9 8 39 38 30 31 12 11 29 28 34 35 19 20 64 65 48 41 22 21 7 10
50 2
28 31 69 38 23 82 3 4 88 87 56 51 29 30 80 25 83 22 64 41 100 5 71 70 6 7 59 60 93 94 81 24 102 101 42 43 77 32 58 57 53 52 104 1 35 36 15 14 75 74 9 8 79 78 10 99 46 45 67 68 18 91 44 47 72 73 48 61 17 16 65 66 55 54 98 11 90 89 13 92 76 33 84 85 39 40 12 97 19 86 26 27 95 96 49 50 34 37 20 21 2 103 62 63
12 6
33 18 23 26 22 21 4 5 16 17 13 10 34 3 36 1 27 28 30 29 15 14 9 8 35 2 20 19 6 7 31 32 25 24 11 12
50 2
93 14 21 20 67 66 65 42 88 87 82 81 62 47 58 51 38 37 44 45 6 5 24 25 2 3 7 4 33 32 79 78 89 90 57 56 52 53 59 50 34 71 43 64 10 97 85 86 22 19 103 102 48 49 70 69 40 41 72 73 75 74 96 11 104 1 98 9 29 28 83 26 54 55 84 23 27 80 31 30 60 61 101 100 17 18 63 46 39 68 13 94 12 95 8 99 16 91 15 92 35 36 77 76
10 10
21 22 4 39 17 12 28 29 7 10 14 13 26 27 8 9 32 33 40 3 31 34 11 6 23 20 18 25 35 30 19 24 16 15 2 1 38 37 5 36
53 1
18 19 46 61 91 90 102 9 12 11 30 79 96 95 7 8 97 98 78 77 45 64 105 6 76 35 59 48 69 70 25 26 39 68 55 54 58 57 86 85 66 43 73 72 100 101 33 34 42 41 63 62 60 47 84 27 83 82 14 13 81 80 107 106 21 20 104 103 108 3 22 89 51 56 94 15 10 99 32 31 53 52 37 74 4 5 44 65 49 50 1 2 71 38 92 17 23 88 87 24 16 93 40 67 36 75 28 29
7 14
24 25 1 38 3 2 35 36 26 11 12 13 20 19 18 21 42 41 14 15 5 8 27 28 33 34 39 40 17 16 4 9 22 23 37 32 31 30 29 10 7 6
2 33
19 24 39 40 34 29 28 27 56 57 18 17 59 58 54 55 12 13 46 45 52 53 64 67 37 36 63 4 38 43 70 69 35 44 8 5 7 6 22 23 61 60 14 11 16 47 68 1 9 62 15 10 33 30 49 50 66 65 31 32 20 21 41 42 3 2 48 51 26 25
3 14
13 12 20 19 14 11 28 29 31 30 17 10 16 15 6 7 26 23 25 24 3 2 33 32 18 21 1 4 22 27 34 5 8 9
17 5
25 24 3 2 1 44 35 38 13 40 8 5 16 15 11 4 14 17 39 18 30 29 42 41 22 23 28 31 37 36 19 26 27 34 7 6 32 33 9 10 20 21 12 43
16 6
10 13 8 9 21 20 17 16 41 42 24 23 33 34 25 22 11 12 39 38 27 26 40 35 43 44 36 37 31 32 6 5 28 29 1 2 19 18 4 7 15 30 14 3
2 4
4 11 10 9 2 1 5 8 12 3 7 6
5 20
16 15 14 11 33 8 49 48 44 45 2 1 27 24 41 42 12 13 21 22 35 36 46 43 19 18 31 32 29 30 5 6 34 3 47 50 40 37 38 39 23 28 4 7 17 10 20 9 25 26
16 5
4 3 26 25 28 31 2 1 35 34 27 24 9 12 23 18 5 40 21 20 15 14 19 22 36 33 39 38 11 10 37 16 29 30 6 7 17 32 8 13 41 42
4 25
50 53 51 52 17 16 23 24 18 49 38 27 37 30 14 11 45 44 3 56 48 47 54 55 19 22 7 8 46 41 36 33 34 35 13 12 29 28 43 42 57 2 20 21 31 32 6 5 1 58 26 25 15 4 9 10 39 40
4 25
12 13 35 34 21 20 50 57 46 45 53 54 16 15 1 58 31 32 43 14 48 49 23 24 10 9 22 27 39 40 51 52 42 41 25 26 56 55 17 18 5 4 38 37 28 33 3 2 19 36 6 47 11 44 7 8 30 29
3 24
38 33 32 31 29 30 51 54 13 16 19 18 7 6 1 2 34 35 20 21 4 47 39 40 23 24 3 48 42 43 46 45 49 50 15 14 37 36 41 8 9 10 11 12 26 17 53 52 25 22 27 28 44 5
10 10
30 29 32 31 14 13 26 23 35 36 6 39 18 15 24 25 19 12 10 7 37 28 5 40 21 22 33 34 20 27 8 9 1 2 4 3 16 17 11 38
1 16
13 12 25 26 17 18 23 22 33 34 14 19 20 21 8 9 31 2 7 6 10 11 29 28 1 32 3 30 15 16 4 5 27 24
1 4
8 7 9 6 10 1 2 3 5 4
3 23
17 18 36 15 28 29 11 12 22 25 4 47 30 31 45 44 20 21 5 6 9 46 50 49 39 14 13 10 42 43 35 34 7 8 1 48 51 52 16 33 23 24 3 2 38 37 26 27 19 32 40 41
5 20
1 2 43 40 20 19 14 27 12 29 22 23 18 21 7 6 3 4 31 30 44 39 36 5 35 34 50 49 8 11 15 26 32 33 17 24 42 41 13 28 9 10 37 38 47 48 25 16 45 46
4 25
13 12 55 56 25 36 29 32 42 9 46 5 8 7 26 27 30 31 3 58 53 48 28 35 44 45 6 43 49 52 1 2 4 57 10 41 47 54 18 19 16 21 39 38 14 11 51 50 33 34 37 40 20 17 24 15 23 22
3 27
16 41 3 2 15 14 52 51 19 38 31 30 21 20 32 35 11 50 1 6 42 13 22 37 57 58 25 36 47 46 4 5 33 34 27 26 17 18 39 40 10 9 56 55 43 44 23 24 60 59 12 49 48 45 7 8 54 53 28 29
14 6
39 38 2 37 35 34 15 24 6 5 23 16 12 13 28 27 10 9 33 8 26 25 1 40 30 29 7 4 32 31 19 20 18 17 22 21 36 3 14 11
1 10
21 20 1 22 12 7 15 16 9 10 3 2 6 5 13 14 18 17 8 11 19 4
30 3
16 17 24 47 1 66 13 12 10 7 54 53 31 34 43 44 35 38 27 26 41 46 48 49 23 22 60 61 63 62 2 65 59 58 55 56 45 42 21 20 28 29 40 39 30 25 50 57 33 32 3 6 11 64 8 9 5 4 19 18 51 52 37 36 14 15
10 7
21 20 7 14 22 27 10 11 29 28 5 6 33 32 25 24 13 8 19 34 15 16 1 4 12 9 18 17 30 31 2 3 23 26
6 16
26 27 33 32 39 2 8 7 24 11 35 36 25 10 4 3 23 20 37 38 28 31 14 13 9 34 5 6 1 40 22 21 29 30 18 17 43 42 12 19 15 16 41 44
16 6
5 4 31 22 9 16 20 19 6 3 21 32 13 14 7 2 11 12 36 35 26 25 28 29 33 38 8 1 18 39 41 40 43 44 24 27 17 42 37 34 15 10 23 30
3 33
22 23 5 4 29 30 34 33 13 14 24 47 8 9 42 27 28 39 3 2 69 68 17 18 72 67 36 37 26 25 12 57 41 40 56 55 54 53 35 38 45 46 20 21 64 65 59 58 32 31 19 52 15 16 44 43 7 6 49 48 71 70 1 66 50 51 62 63 10 11 60 61
3 9
7 6 17 16 14 11 19 20 18 21 1 24 23 22 5 4 2 15 9 10 8 3 12 13
3 18
32 35 11 12 7 4 31 30 26 25 24 29 13 14 17 10 22 23 15 16 1 36 27 28 21 20 39 40 37 38 2 3 42 41 19 18 33 34 5 6 9 8
4 21
35 4 25 24 40 3 15 32 39 38 34 33 12 13 1 50 2 49 30 31 27 28 48 43 6 7 16 29 46 45 19 20 23 26 18 21 10 11 5 8 44 47 17 22 42 41 36 37 9 14
40 2
26 27 33 32 2 1 48 49 13 74 78 77 61 62 58 31 84 3 16 19 7 80 72 71 45 42 40 39 28 59 82 81 75 76 9 8 67 22 20 69 50 35 6 5 70 73 43 44 60 63 37 36 15 14 30 29 56 55 18 17 46 47 41 38 68 21 57 34 4 83 53 54 25 64 52 51 23 24 66 65 79 10 12 11
4 25
11 10 9 42 49 48 44 51 34 33 12 41 24 31 7 8 35 32 56 53 30 29 39 38 46 47 23 22 37 40 17 36 27 28 1 2 50 45 16 13 55 54 3 58 20 21 5 4 43 6 57 52 19 18 26 25 15 14
4 25
21 38 32 27 54 5 15 44 49 10 2 57 43 16 7 52 26 33 58 1 55 4 37 22 11 48 17 42 12 47 51 8 53 6 36 23 31 28 13 46 18 41 50 9 14 45 39 20 40 19 35 24 30 29 25 34 3 56
1 6
11 10 9 2 8 3 14 1 7 4 6 5 12 13
10 5
18 19 1 28 30 29 3 24 15 22 7 6 26 27 12 13 2 25 4 23 21 20 11 10 14 5 17 16 9 8
1 6
1 2 14 9 4 3 10 11 13 12 5 6 7 8
20 5
6 7 44 43 28 15 31 32 25 24 12 11 13 14 27 26 49 48 35 36 20 19 33 34 4 3 45 42 39 40 38 37 5 2 21 18 17 16 9 10 50 1 46 41 47 8 29 30 23 22
6 14
7 22 4 5 39 40 29 28 9 20 30 27 38 37 15 12 14 13 16 11 24 23 35 36 34 1 2 31 21 8 25 26 18 19 32 33 17 10 6 3
16 5
7 6 12 11 40 13 1 2 28 29 16 17 14 39 19 18 35 34 38 33 24 23 37 36 21 20 41 8 3 42 26 27 10 9 25 30 5 4 15 22 31 32
20 3
13 10 4 3 11 12 1 2 32 33 9 16 18 19 23 24 37 22 30 31 21 20 41 40 27 26 17 38 6 5 8 7 42 39 25 34 14 15 44 43 28 29 46 45 36 35
31 2
55 54 20 21 64 65 38 49 40 41 61 60 44 43 9 66 33 34 36 37 58 59 27 24 13 14 6 5 48 45 11 10 57 52 53 56 30 31 8 7 39 42 63 62 19 18 29 28 23 22 12 15 4 1 16 17 51 50 26 25 46 47 32 35 3 2
25 4
28 27 38 25 29 30 45 16 22 21 11 10 35 34 19 18 15 14 40 23 8 7 17 20 5 6 48 13 24 39 3 4 50 9 47 46 37 36 26 31 51 52 58 1 49 12 55 54 41 42 43 44 56 53 33 32 2 57
3 12
22 21 8 7 26 1 15 14 6 11 9 10 12 23 20 13 4 5 28 27 3 2 18 19 17 16 24 25 29 30
4 25
6 5 15 14 3 52 21 20 25 24 39 38 54 53 57 2 45 8 47 46 7 4 29 30 43 44 9 10 41 28 12 11 56 55 26 27 36 35 50 51 33 34 23 22 40 31 37 32 13 16 58 1 49 48 19 42 17 18
20 5
25 26 36 37 31 32 1 4 7 8 44 43 15 16 24 23 19 42 41 20 30 27 50 11 3 2 18 17 38 39 5 6 12 45 49 46 48 47 40 35 34 33 9 10 21 22 28 29 13 14
4 25
31 30 32 33 41 42 16 15 4 3 44 45 58 1 13 12 10 11 9 46 22 21 52 51 54 53 56 57 2 55 36 17 5 6 27 28 38 37 34 23 40 39 47 50 18 35 8 7 24 29 19 20 26 25 14 43 48 49
5 20
20 25 35 34 18 17 38 31 3 2 7 8 21 24 23 22 43 42 15 14 36 33 47 46 6 9 28 29 11 30 41 4 19 16 45 44 32 37 39 10 49 50 48 1 40 5 12 27 13 26
2 9
6 5 10 7 21 20 9 8 12 13 2 17 18 19 14 15 22 1 3 16 4 11
10 10
35 6 21 20 39 2 22 19 36 5 4 37 25 16 14 27 1 40 24 17 10 31 29 12 38 3 33 8 26 15 13 28 30 11 23 18 32 9 34 7
18 5
46 1 15 12 34 31 26 25 18 19 22 23 28 21 5 16 44 43 13 14 10 7 38 17 37 36 6 11 3 4 42 39 40 41 27 24 29 30 20 35 8 9 32 33 45 2
10 7
10 11 29 24 34 3 30 31 7 6 9 14 13 12 20 23 32 17 22 21 19 18 28 27 16 15 5 4 25 26 2 1 33 8
10 10
34 27 36 25 8 13 23 38 22 39 31 30 3 18 20 1 32 29 35 26 11 10 40 21 37 24 9 12 7 14 28 33 2 19 16 5 4 17 6 15
2 49
99 102 82 83 48 47 100 101 41 42 45 44 2 1 27 26 24 77 98 5 4 3 7 6 88 13 14 87 39 36 50 49 40 63 19 18 89 12 75 28 72 29 97 96 30 71 52 53 10 11 38 37 95 8 85 86 64 65 84 17 78 79 91 90 66 35 69 70 22 81 56 57 46 51 92 9 15 16 55 54 80 23 93 94 32 33 21 20 43 62 67 68 34 31 60 59 58 61 76 25 73 74
6 3
8 9 7 2 11 16 3 4 6 5 12 15 17 18 14 13 10 1
3 33
52 15 29 38 1 66 47 20 55 12 48 19 10 57 34 33 21 46 6 61 36 31 13 54 63 4 2 65 16 51 8 59 18 49 69 70 23 44 71 68 3 64 41 26 25 42 53 14 43 24 72 67 39 28 45 22 35 32 50 17 27 40 56 11 37 30 7 60 58 9 62 5
6 16
42 41 13 14 20 25 26 9 31 2 11 12 30 29 44 43 27 28 19 10 17 18 39 36 23 22 37 38 32 1 16 15 21 24 7 6 35 40 33 34 8 3 4 5
10 10
17 32 18 25 3 16 12 15 36 35 40 39 5 4 21 22 31 26 24 19 34 33 6 11 8 9 28 29 13 14 10 7 27 30 20 23 1 38 2 37
3 5
9 4 7 6 2 1 15 12 13 14 16 3 5 8 10 11
6 2
1 2 4 5 8 9 16 13 11 12 3 6 15 14 10 7
6 16
3 26 4 9 12 17 33 40 27 2 28 41 32 29 34 37 35 36 30 31 15 14 11 18 39 38 7 6 22 21 10 25 13 16 44 43 1 42 8 5 24 19 20 23
21 3
37 10 14 15 28 27 41 38 35 34 42 9 2 47 31 18 24 23 21 22 12 11 16 13 29 30 4 5 46 7 40 39 33 36 44 45 25 26 1 48 17 32 3 6 43 8 20 19
3 30
29 32 49 10 50 51 47 48 11 12 39 40 17 16 43 44 65 66 5 52 19 18 57 58 54 55 4 3 13 14 36 35 56 61 15 42 33 26 6 7 20 41 62 53 31 30 60 59 46 45 37 38 34 23 8 9 27 28 25 24 1 2 22 21 63 64
10 3
14 13 26 25 22 5 7 6 24 23 10 11 21 16 9 8 1 2 12 15 4 3 18 19 20 17
10 8
21 22 4 5 25 24 6 1 7 36 20 23 17 28 19 26 18 27 30 29 12 15 31 32 2 3 33 8 13 14 11 10 35 34 16 9
16 6
11 4 40 15 7 6 28 27 23 22 1 12 31 30 38 37 9 8 17 24 10 5 39 26 19 20 44 43 14 41 3 2 42 13 36 29 21 18 34 35 33 32 25 16
5 20
31 44 43 38 47 4 36 33 28 25 21 20 30 45 2 49 18 15 10 7 6 11 24 29 22 13 48 3 16 17 1 50 9 8 23 12 41 40 35 34 19 14 39 42 5 46 27 26 37 32
6 16
13 12 21 24 35 36 30 29 26 27 42 33 23 22 41 38 37 34 14 25 10 31 5 6 8 43 2 3 1 44 28 11 32 9 4 7 19 20 15 18 39 40 17 16
8 7
12 11 1 30 16 17 23 24 2 5 7 8 6 21 13 14 20 15 27 28 4 3 10 9 26 29 19 18 22 25
11 7
21 34 10 7 29 32 11 6 2 1 35 12 5 36 28 27 24 33 22 23 16 15 31 30 17 20 9 8 14 13 25 26 18 19 3 4
1 6
8 7 12 13 14 3 11 10 6 5 9 4 1 2
10 10
38 23 2 5 15 16 25 36 22 39 6 9 12 19 34 35 26 29 17 14 3 4 28 27 8 7 40 1 11 20 37 24 21 10 18 13 32 31 30 33
39 1
67 68 74 9 37 38 56 55 3 2 40 39 77 6 46 45 13 14 1 78 49 50 59 58 80 79 75 8 42 41 24 57 34 47 4 5 29 28 7 76 48 31 26 53 23 60 11 10 44 43 30 51 71 12 15 16 36 35 65 66 22 21 33 32 62 61 64 19 69 70 25 54 73 72 27 52 63 20 17 18
5 17
29 26 15 12 18 17 9 8 34 33 35 30 10 11 28 27 39 40 7 36 37 38 19 16 3 4 13 14 2 41 44 1 25 20 43 42 24 21 23 22 5 6 32 31
6 9
24 23 16 15 12 13 8 29 2 1 17 14 9 10 19 18 28 27 21 22 25 26 20 11 7 6 4 5 30 3
16 6
20 21 43 42 33 32 1 40 14 15 19 18 35 34 10 11 37 38 29 30 4 7 22 23 8 9 17 24 25 26 39 36 28 27 16 31 13 12 2 3 44 41 6 5
17 5
20 18 21 9 40 26 19 35 4 39 7 22 24 34 12 42 29 43 44 1 32 15 23 33 3 13 30 2 31 37 6 41 5 11 16 8 38 36 10 28 17 25 27 14
5 20
17 24 21 20 3 38 5 36 9 32 1 40 22 19 25 16 35 6 43 48 18 23 44 47 4 37 7 34 27 14 50 41 12 29 8 33 42 49 13 28 26 15 46 45 2 39 31 10 30 11
7 14
5 6 39 34 2 3 7 4 8 17 16 13 9 10 28 29 11 12 22 23 21 26 20 27 37 38 32 33 31 30 24 25 41 42 40 1 35 36 14 15 19 18
16 3
31 32 26 25 20 21 14 13 35 36 7 30 5 4 9 8 24 29 37 34 16 23 33 38 28 27 6 1 15 10 3 2 18 17 19 22 12 11
6 10
25 28 32 31 26 27 23 24 30 29 5 4 6 3 18 17 10 9 16 15 21 22 14 11 2 1 20 19 12 13 8 7
12 7
6 9 26 37 3 12 34 29 15 24 31 32 20 19 28 35 8 7 25 38 11 4 21 18 13 2 23 16 33 30 22 17 14 1 27 36 5 10
5 20
13 14 6 49 20 21 32 31 46 45 22 17 41 42 27 28 3 50 48 47 10 11 37 38 40 39 1 2 36 9 34 33 25 26 15 16 18 19 12 35 24 23 7 8 44 43 29 30 4 5
3 22
11 32 28 29 9 10 35 34 7 40 26 23 38 39 49 46 5 4 41 6 36 33 45 44 19 30 17 18 47 48 12 15 21 20 8 37 50 1 3 42 25 24 22 27 16 31 43 2 13 14
7 14
24 27 10 7 33 32 20 19 22 23 37 34 13 6 26 25 42 41 5 14 18 21 12 11 8 9 36 35 1 30 15 16 17 4 28 3 2 29 39 38 31 40
25 4
43 22 44 45 3 2 10 55 17 48 52 53 41 24 13 14 39 40 20 47 42 23 33 36 15 12 28 31 34 35 7 6 27 26 8 9 29 30 16 49 11 50 5 56 37 32 38 25 18 19 1 58 57 4 51 54 21 46
7 10
3 32 30 5 18 17 29 6 4 31 25 10 9 26 13 22 27 8 23 12 21 14 34 1 33 2 19 16 24 11 15 20 28 7
4 15
19 20 2 3 16 15 32 35 33 34 30 31 37 38 29 10 18 17 6 7 12 11 25 24 1 36 4 5 22 21 23 26 8 9 13 14 27 28
14 7
40 3 37 38 2 1 42 41 34 27 26 25 22 21 15 14 20 5 17 16 31 32 23 24 19 18 36 35 8 7 13 12 9 6 39 4 28 29 30 33 10 11
13 7
35 34 32 39 33 38 28 29 13 40 12 7 25 22 16 17 23 24 8 11 20 19 9 10 26 21 15 18 14 31 5 4 27 30 3 2 37 36 1 6
10 10
21 20 27 28 37 36 16 17 12 11 3 6 34 33 23 24 35 38 13 10 40 1 4 5 8 7 30 29 19 18 2 39 9 26 32 31 25 22 14 15
12 3
7 26 30 29 10 21 15 16 6 27 14 13 19 18 5 28 22 9 23 8 12 17 24 25 4 3 20 11 2 1
48 2
57 48 40 65 87 18 47 58 89 16 50 55 46 59 31 74 54 51 94 11 78 27 80 25 12 93 2 3 81 24 36 69 22 83 85 20 100 5 30 75 42 63 4 1 32 73 26 79 77 28 33 72 64 41 66 39 91 14 68 37 21 84 38 67 71 34 17 88 19 86 92 13 7 98 99 6 53 52 8 97 15 90 10 95 60 45 35 70 49 56 76 29 62 43 96 9 82 23 61 44
16 6
15 42 9 14 4 43 8 5 2 1 3 44 12 13 17 28 35 36 25 26 21 24 11 10 30 33 37 38 20 19 39 34 18 27 32 31 7 6 16 41 40 29 23 22
1 95
41 152 106 85 180 13 138 137 192 1 33 32 112 111 34 35 45 44 52 51 16 177 86 87 151 150 19 20 80 113 28 29 96 95 26 27 68 125 22 21 30 163 155 36 97 98 153 40 37 38 114 77 76 75 182 181 24 25 139 54 102 91 128 63 127 126 136 57 8 7 12 11 188 189 84 109 159 158 120 121 55 56 53 140 17 176 31 160 169 168 58 135 167 166 23 170 141 50 145 46 186 5 190 191 134 59 88 105 99 92 39 154 148 149 164 165 90 89 65 64 103 104 66 67 49 142 116 115 183 184 73 118 78 79 162 161 132 61 146 147 43 42 179 14 173 18 71 70 2 3 9 10 130 131 143 48 93 94 60 133 123 124 110 83 47 144 178 15 117 74 171 172 175 174 119 72 4 187 101 100 62 129 122 69 107 108 185 6 81 82 157 156
28 3
21 20 5 4 45 40 30 31 48 13 50 49 51 52 19 22 23 18 57 58 54 55 9 56 3 2 1 6 33 32 24 39 38 27 12 53 60 59 46 47 26 25 10 11 42 43 44 41 17 14 34 35 29 36 7 8 62 61 16 15 28 37
33 3
41 40 11 12 39 42 46 49 50 51 34 35 14 13 72 1 63 60 20 21 25 52 59 64 5 68 36 33 65 66 15 58 54 19 43 30 45 28 62 61 27 26 16 57 23 22 29 44 2 69 71 70 48 47 24 53 67 8 4 3 37 38 32 31 18 17 56 55 6 7 9 10
20 5
49 50 30 29 21 18 27 32 3 4 48 1 17 36 9 8 28 31 22 35 11 10 7 2 33 24 41 42 39 14 15 38 44 43 16 37 34 23 12 47 19 20 6 5 40 45 13 46 26 25
1 6
8 7 4 5 10 9 12 1 3 6 14 13 11 2
4 1
3 2 1 10 8 9 7 6 5 4
7 7
11 18 25 4 20 9 26 3 17 12 15 14 13 16 7 22 8 21 6 23 24 5 28 1 19 10 27 2
10 10
26 35 1 20 24 37 31 30 29 32 16 5 15 6 19 2 40 21 25 36 14 7 11 10 39 22 18 3 27 34 33 28 17 4 12 9 23 38 13 8
4 25
52 53 54 51 5 4 50 49 14 13 28 33 47 10 29 30 7 6 37 36 23 26 44 45 39 42 31 32 11 12 56 55 21 22 57 58 27 18 41 40 48 3 15 34 17 16 46 43 9 8 20 19 35 38 2 1 25 24
5 20
36 37 49 10 16 11 20 19 21 22 42 41 18 17 38 35 24 23 43 44 40 39 12 13 30 31 47 48 32 29 14 15 28 25 1 2 34 33 4 5 26 27 3 6 8 9 50 7 46 45
6 16
15 16 2 31 3 12 39 38 18 23 26 27 7 6 13 14 21 20 34 33 30 17 5 4 22 19 32 41 35 36 43 44 9 10 29 24 11 8 28 25 42 1 37 40
2 4
10 11 5 6 7 8 9 4 12 3 2 1
33 3
44 43 26 25 13 14 4 3 5 2 34 35 24 51 6 1 64 65 41 42 70 71 57 56 39 40 21 52 10 11 58 59 46 45 31 32 30 29 12 15 49 50 17 60 33 38 7 8 16 63 23 22 37 36 54 55 69 72 18 19 20 53 9 66 67 68 27 28 48 47 62 61
4 24
20 19 22 21 41 12 43 10 29 28 8 9 3 56 54 53 23 24 1 2 26 27 25 36 33 32 52 55 35 30 31 34 51 50 42 11 14 13 47 48 44 7 15 38 45 6 40 39 4 5 16 37 18 17 46 49
16 4
16 33 4 5 34 15 1 40 6 3 30 31 29 28 19 20 8 7 37 14 9 10 23 32 21 22 25 24 17 18 36 35 13 12 27 26 38 11 39 2
7 5
17 18 21 22 14 15 2 19 6 7 1 24 23 20 8 3 9 16 13 12 11 10 5 4
10 10
38 37 23 24 4 5 30 31 10 9 27 22 1 40 14 13 16 17 25 26 29 34 6 11 39 36 19 18 20 21 12 15 32 33 8 7 35 28 2 3
7 13
7 34 27 26 30 17 19 28 38 3 36 5 10 11 14 33 12 13 23 22 9 8 35 6 40 1 39 2 21 20 15 32 24 25 37 4 18 29 31 16
47 2
73 74 38 39 24 23 17 18 65 64 27 46 7 8 86 87 41 42 53 52 2 13 66 67 69 70 35 34 43 40 25 22 61 26 91 90 11 10 32 31 14 19 75 76 97 96 47 48 54 51 30 29 33 28 6 9 49 50 63 62 68 71 45 44 58 57 83 82 56 55 21 20 4 3 88 89 60 59 80 85 15 16 84 81 78 79 37 36 94 93 72 77 95 92 12 5 98 1
4 23
46 5 42 41 43 8 19 20 51 52 3 54 29 28 6 7 30 31 2 1 24 23 33 32 15 14 44 45 27 26 39 40 4 47 48 49 18 35 10 9 12 11 17 16 36 37 13 38 50 53 22 25 21 34
13 2
8 7 4 29 19 18 2 3 21 16 28 27 22 15 10 9 5 6 30 1 13 12 20 17 23 24 11 14 26 25
23 4
7 8 40 41 52 49 44 43 11 12 3 2 35 34 21 22 16 17 54 1 20 39 36 25 46 45 19 18 23 24 31 32 5 4 10 9 48 47 29 28 15 14 13 42 51 50 37 38 53 6 30 33 27 26
1 92
67 120 18 169 116 71 126 61 55 54 119 118 104 81 15 14 132 53 180 179 20 21 40 41 122 65 44 143 161 26 129 56 137 138 38 149 7 8 142 141 19 166 95 94 148 39 167 168 66 121 173 172 49 136 144 43 125 124 88 97 113 72 85 100 64 123 86 99 156 157 117 70 47 46 145 42 60 127 184 1 158 159 24 25 170 171 110 109 176 175 87 98 29 28 10 177 45 140 75 76 84 103 5 182 112 73 96 91 11 174 153 32 79 106 27 160 62 63 186 185 107 78 16 17 165 164 68 69 59 128 9 178 58 57 102 101 130 131 48 139 31 30 12 13 162 163 36 35 3 2 135 134 181 6 151 34 154 155 152 33 183 4 92 93 82 83 90 89 52 133 74 111 115 114 50 51 22 23 77 108 37 150 146 147 80 105
22 3
32 27 10 9 37 36 31 30 33 34 48 49 23 24 43 42 19 20 40 41 17 18 4 3 16 35 14 15 29 28 39 38 13 12 26 25 46 45 44 11 22 21 8 47 50 1 7 6 5 2
3 9
12 13 23 20 19 18 3 2 15 8 17 4 1 24 14 11 21 22 10 9 7 6 16 5
2 19
24 23 8 7 3 2 10 9 21 22 13 14 4 37 27 28 15 18 38 41 40 39 19 20 26 25 33 36 31 32 1 42 16 17 11 12 34 35 30 29 6 5
7 14
18 17 39 38 7 8 29 2 19 20 31 42 12 11 41 34 10 9 21 26 25 22 23 24 40 37 30 1 27 16 6 3 15 28 14 13 5 4 32 33 35 36
14 7
20 19 18 33 40 39 31 30 41 4 22 23 8 5 3 42 14 15 32 21 28 27 7 6 35 34 9 10 2 1 17 16 25 24 36 37 38 11 12 13 29 26
16 2
10 11 8 7 26 27 17 16 15 22 5 6 23 24 25 28 20 21 29 30 31 32 3 4 2 35 9 14 12 13 33 34 19 18 36 1
5 20
5 4 48 45 26 27 24 23 10 9 20 21 33 36 37 38 14 3 29 30 13 6 34 35 8 7 18 15 28 25 41 44 49 50 42 43 46 47 2 1 31 32 40 39 12 11 22 19 17 16
10 2
1 16 13 12 24 23 14 15 10 9 21 22 18 17 20 19 11 8 3 2 4 7 6 5
4 6
2 17 5 4 1 20 13 14 8 15 12 9 7 16 10 11 19 18 6 3
25 4
5 2 33 34 31 36 54 55 7 8 23 22 1 58 12 49 24 25 44 43 6 9 56 57 14 13 32 35 39 40 45 46 28 29 10 11 18 15 16 17 26 21 38 37 51 52 19 20 4 3 42 41 48 47 30 27 53 50
50 2
45 52 91 90 12 15 95 94 36 35 25 26 53 60 84 87 104 1 18 17 80 81 50 51 24 43 39 30 66 67 20 19 64 83 3 2 97 100 11 44 76 77 48 49 21 16 72 65 61 62 82 79 54 55 31 38 68 69 59 56 78 73 63 92 98 99 96 93 71 70 13 14 42 41 33 32 8 101 57 58 88 89 10 9 46 47 23 22 103 102 6 7 4 5 86 85 40 27 29 28 37 34 74 75
79 1
14 149 115 48 38 125 66 97 24 139 156 7 57 106 152 11 136 27 12 151 43 120 82 81 108 55 77 86 131 32 132 31 6 157 21 142 84 79 13 150 124 39 26 137 71 92 90 73 50 113 53 110 101 62 160 3 88 75 121 42 52 111 159 4 123 40 158 5 153 10 127 36 47 116 80 83 74 89 94 69 45 118 133 30 51 112 63 100 119 44 46 117 141 22 146 17 95 68 28 135 65 98 147 16 20 143 138 25 61 102 35 128 96 67 87 76 56 107 154 9 37 126 85 78 148 15 34 129 130 33 54 109 19 144 64 99 70 93 41 122 155 8 145 18 58 105 2 1 49 114 103 60 29 134 23 140 72 91 59 104
33 3
15 18 62 65 59 20 1 2 32 39 22 21 27 28 51 50 53 24 43 40 19 14 72 3 70 5 17 16 34 33 37 36 30 25 11 66 42 41 26 29 57 56 67 6 54 23 61 12 8 9 69 68 48 31 10 7 63 64 58 55 49 52 45 46 44 47 60 13 4 71 38 35
3 29
3 2 43 44 34 33 51 54 9 48 12 47 60 1 46 45 38 37 26 25 56 55 59 58 17 18 50 49 62 61 7 6 39 40 31 32 57 8 15 14 42 41 28 35 52 53 21 36 16 13 23 24 20 19 30 29 11 10 5 4 63 64 27 22
10 10
32 31 24 23 2 29 37 34 27 18 13 10 39 30 38 33 6 7 11 12 25 22 36 35 26 21 40 1 16 15 3 4 20 19 9 28 17 14 5 8
50 2
91 90 14 15 46 45 35 34 9 4 73 76 71 70 64 65 29 36 88 57 12 13 63 62 102 101 5 6 25 24 77 84 68 67 89 92 56 95 22 21 26 23 28 27 99 100 44 43 72 69 31 30 10 3 50 49 41 42 104 103 51 40 87 66 18 11 98 1 52 55 7 8 37 2 39 38 32 33 20 19 60 61 16 17 93 94 48 47 58 59 80 81 78 79 74 75 85 86 97 96 53 54 82 83
3 2
5 4 10 1 2 7 6 3 8 9
100 1
78 125 142 63 3 200 171 170 77 126 34 169 75 74 9 196 35 36 22 181 146 57 201 202 197 6 28 29 129 76 108 95 103 102 56 147 40 41 107 96 116 117 97 98 150 149 199 198 84 121 88 115 180 179 42 163 113 112 68 137 151 54 161 44 109 110 17 18 12 191 124 79 82 83 136 69 135 134 168 37 39 166 86 87 167 38 139 140 183 20 104 101 80 123 50 49 27 26 45 160 145 144 94 93 64 141 14 13 67 66 122 81 1 2 118 85 186 19 89 90 193 192 15 190 60 143 61 62 92 111 164 165 130 131 106 105 52 53 195 194 182 21 51 152 10 11 154 153 5 4 162 43 55 148 91 114 48 155 33 172 189 188 32 173 157 156 138 65 25 178 59 58 176 177 128 127 120 119 132 71 100 99 46 47 174 31 185 184 187 16 175 30 23 24 73 72 158 159 8 7 133 70
20 2
22 23 13 12 39 42 34 17 8 9 10 11 41 40 32 27 30 29 37 38 28 31 16 35 7 36 15 14 6 3 20 33 1 44 18 19 5 4 26 25 21 24 2 43
33 3
68 3 69 2 19 54 43 42 64 9 29 28 23 22 65 66 38 39 21 26 40 41 5 4 16 15 44 27 7 8 1 72 31 34 24 25 45 48 35 36 11 10 12 61 62 63 53 52 18 17 46 47 55 14 57 56 51 20 50 49 6 67 70 71 58 13 60 59 32 33 30 37
10 10
6 35 2 5 10 11 13 14 32 31 24 25 30 9 27 28 20 17 37 40 19 18 1 36 38 39 8 7 3 4 12 23 34 33 15 22 29 26 16 21
6 4
11 18 9 20 17 12 1 8 7 2 5 4 10 19 14 15 3 6 16 13
8 5
15 14 18 17 26 25 19 20 9 8 22 23 3 4 16 21 1 2 7 24 10 13 11 12 5 6
3 4
14 13 6 7 11 12 8 9 1 4 3 2 10 5
10 10
29 28 27 26 22 13 20 21 33 32 6 5 3 8 25 30 1 38 11 12 10 31 40 39 17 14 19 18 24 23 9 2 35 34 37 36 4 7 16 15
6 4
5 4 7 8 17 16 19 20 14 13 3 2 18 15 10 1 11 12 9 6
7 8
4 1 24 23 15 26 9 10 13 28 6 7 19 18 29 30 27 14 22 25 11 12 21 20 17 16 5 8 2 3
35 2
34 35 31 32 14 63 22 23 5 6 10 11 44 33 56 59 25 54 36 41 4 3 60 17 74 1 26 27 8 67 16 15 47 30 62 61 20 21 39 40 48 49 43 42 7 70 52 53 58 57 45 46 50 29 65 64 38 37 18 19 68 69 66 9 55 24 51 28 72 71 73 2 13 12
1 30
40 41 56 55 27 36 10 11 33 28 48 49 4 3 34 35 6 7 8 9 46 17 16 47 57 54 42 23 19 18 5 2 37 38 12 51 62 1 60 61 25 24 31 30 26 39 45 44 15 14 32 29 53 52 20 43 21 22 13 50 59 58
29 3
20 39 37 38 28 35 13 54 56 57 33 32 45 18 49 48 59 60 14 15 26 25 44 19 10 11 53 52 51 50 40 41 1 2 21 22 27 36 43 42 3 64 6 5 17 16 30 31 24 23 63 4 7 8 29 34 12 55 62 61 9 58 46 47
2 7
8 7 1 18 16 15 5 14 12 11 10 13 9 6 4 17 3 2
33 3
70 69 36 35 48 47 72 1 29 30 26 33 4 3 50 49 39 38 46 53 13 12 17 16 41 44 6 9 21 18 20 19 55 54 64 71 11 14 63 62 7 8 68 67 66 65 52 51 58 59 2 5 61 60 15 10 45 40 37 34 23 24 57 56 43 42 31 32 27 28 25 22
4 6
12 17 7 6 18 19 4 3 11 10 16 15 2 5 20 1 14 13 8 9
6 13
33 8 2 1 35 38 28 19 37 36 7 4 9 10 11 12 5 6 17 14 20 25 24 21 32 31 29 30 18 13 27 26 16 15 34 3 22 23
10 10
21 18 34 33 28 7 2 1 19 20 8 13 14 17 16 15 31 32 29 30 10 11 22 23 24 25 40 3 38 35 36 37 6 5 26 27 4 39 9 12
100 1
80 123 13 14 61 62 180 179 51 152 177 26 100 101 96 109 91 114 33 32 144 143 97 106 34 171 191 12 67 138 42 41 45 44 69 134 56 149 29 30 117 86 75 130 50 49 195 196 60 145 137 68 142 141 112 111 129 76 15 16 184 21 155 48 181 24 166 39 188 17 53 52 78 77 202 1 3 2 118 119 160 43 103 102 70 71 150 151 127 128 116 87 148 57 169 168 94 93 147 58 158 159 110 95 54 55 22 23 182 183 82 83 190 189 64 65 163 40 92 113 72 73 157 156 136 135 164 165 139 66 74 131 90 89 170 35 194 193 81 122 173 172 124 125 176 27 84 85 36 167 200 201 5 198 11 192 107 108 115 88 153 154 146 59 178 25 31 174 132 133 99 98 185 20 18 187 63 140 104 105 162 161 47 46 10 9 79 126 175 28 186 19 8 197 121 120 37 38 6 7 199 4
6 16
6 31 15 26 28 29 20 19 22 25 14 11 39 38 10 9 32 37 42 41 27 30 2 1 17 16 8 7 44 3 24 23 4 5 21 18 13 12 43 40 35 36 34 33
2 10
13 12 11 6 2 3 20 19 1 24 23 18 21 22 5 14 9 8 10 7 15 4 17 16
6 16
29 28 44 3 22 19 8 7 30 27 16 13 34 37 35 36 26 9 6 5 1 2 17 12 41 4 15 14 23 18 24 25 33 40 42 43 20 21 11 10 32 31 38 39
3 33
18 55 20 49 30 27 63 4 12 59 8 11 25 24 7 60 1 72 23 48 13 58 5 62 68 71 69 70 46 43 16 15 32 33 37 34 47 26 38 41 9 10 14 57 31 42 21 22 65 64 19 54 52 51 3 66 36 35 50 53 61 6 28 29 44 45 40 39 56 17 2 67
24 3
34 35 14 13 24 23 53 2 52 5 17 18 1 54 30 29 36 33 6 9 4 3 21 22 19 20 16 15 51 46 38 39 28 27 48 47 31 32 49 50 26 25 8 7 10 11 37 12 42 45 43 44 41 40
1 73
60 87 138 11 65 84 127 22 49 100 15 16 42 105 37 112 33 114 125 124 88 89 73 76 109 40 80 67 47 102 140 139 146 147 50 99 54 53 48 101 26 123 69 78 29 118 121 122 117 30 136 137 56 93 45 46 66 81 25 24 79 68 13 12 104 103 132 131 14 135 120 119 142 143 134 133 23 126 4 5 70 71 8 7 20 21 77 72 98 51 74 75 27 28 86 61 17 130 9 10 128 129 113 36 82 83 106 107 31 32 57 58 35 34 111 110 62 63 144 145 96 97 2 3 59 90 148 1 43 44 95 52 92 91 115 116 41 108 85 64 141 6 94 55 39 38 19 18
33 3
61 58 64 9 3 2 29 50 21 26 23 24 30 47 14 13 36 35 31 46 51 28 39 38 22 25 34 37 48 49 63 10 41 42 8 71 1 4 20 19 65 68 53 16 66 67 11 62 55 54 17 18 59 60 70 69 56 57 33 32 45 40 12 15 43 44 72 7 27 52 6 5
33 3
17 16 3 70 19 18 63 62 42 43 44 45 30 31 15 14 59 58 60 61 39 4 13 12 2 71 57 56 46 47 20 21 48 49 29 28 27 26 5 38 23 22 7 6 33 32 36 37 51 50 53 52 55 54 11 10 40 41 66 67 69 68 25 24 34 35 65 64 1 72 8 9
25 4
40 27 29 32 30 31 7 6 50 13 37 34 5 8 26 41 56 1 16 15 25 42 28 39 47 44 12 51 43 24 49 20 36 35 38 33 54 11 52 53 46 45 2 3 4 9 23 48 10 55 21 22 18 19 57 58 17 14
3 33
7 8 26 25 9 10 5 6 28 27 56 55 20 19 11 12 23 24 34 33 41 42 54 53 65 66 63 64 39 40 47 48 29 30 44 43 45 46 60 59 69 70 31 32 15 16 72 67 57 58 36 1 62 61 18 17 22 21 68 71 52 51 37 38 14 13 50 49 2 35 4 3
2 50
65 66 21 84 1 2 78 77 34 33 102 103 31 30 104 99 16 15 83 22 6 95 18 85 75 76 43 60 25 74 36 35 46 57 4 5 68 67 58 59 89 12 49 48 38 37 92 11 80 79 98 3 45 44 27 26 20 19 100 101 72 73 8 9 82 81 87 88 32 69 93 10 62 63 90 91 29 28 96 97 40 39 61 64 86 17 70 71 54 51 47 56 52 53 55 50 24 23 94 7 41 42 14 13
7 3
1 2 20 9 6 7 14 17 4 5 3 8 11 10 16 15 18 19 13 12
20 5
12 15 9 6 18 43 11 10 4 3 7 8 1 2 41 42 22 27 37 36 23 26 25 24 17 16 44 5 49 50 45 48 47 46 19 40 28 33 21 34 38 35 20 39 14 13 32 31 29 30
3 33
48 49 44 45 57 58 28 39 36 33 65 70 61 8 2 71 47 20 4 3 16 17 42 25 51 18 34 35 54 13 19 50 6 63 66 69 55 10 53 14 37 32 22 23 7 62 21 24 43 46 60 59 41 26 52 15 68 67 30 29 72 1 31 38 40 27 12 11 64 5 9 56
1 5
4 3 8 9 12 1 5 10 11 2 6 7
5 20
8 9 19 18 23 22 27 28 35 12 11 36 37 38 42 41 48 47 16 17 30 33 13 24 43 44 50 3 2 1 10 39 31 32 21 14 45 46 15 20 6 5 40 7 34 29 4 49 25 26
10 6
29 22 12 15 5 2 21 18 3 4 26 27 30 31 24 25 19 20 10 7 23 28 14 13 6 1 32 11 9 8 17 16
7 14
20 21 15 14 39 4 29 26 31 32 7 8 25 38 23 6 42 41 3 40 16 9 28 27 2 1 37 34 5 24 30 33 36 35 10 13 17 18 12 11 22 19
9 7
16 13 4 29 25 22 9 10 5 6 20 11 27 28 30 31 17 12 24 23 15 14 32 1 8 21 19 18 3 2 7 26
21 3
16 15 9 10 12 11 1 6 24 23 28 27 21 22 47 26 5 2 36 35 45 46 20 19 25 48 32 31 33 34 18 17 43 44 37 38 42 41 8 7 13 14 4 3 39 40 29 30
14 5
7 4 28 27 13 14 8 3 22 37 5 6 26 25 32 31 12 11 17 18 2 9 15 16 38 21 23 36 10 1 35 24 29 30 19 20 34 33
7 7
21 22 2 3 9 6 16 13 14 15 28 27 11 12 8 7 19 18 24 25 17 4 1 26 23 20 10 5
10 8
21 20 7 6 13 14 9 8 22 19 31 26 24 23 34 35 29 30 5 4 1 36 17 16 25 18 15 10 11 12 2 3 28 27 32 33
4 25
51 50 17 20 56 3 48 45 40 37 44 41 38 39 49 52 47 46 15 14 31 30 13 16 25 26 54 27 36 33 19 18 5 8 29 32 6 7 22 23 34 35 42 43 4 55 28 53 24 21 12 9 1 58 11 10 57 2
6 16
1 2 15 12 22 23 19 16 24 25 7 8 40 5 10 9 6 11 32 31 3 4 28 29 30 33 21 20 35 34 14 13 44 41 43 42 17 18 36 37 38 39 27 26
14 7
30 29 31 32 5 6 39 40 4 1 18 17 36 35 38 33 27 26 10 11 24 23 37 34 12 15 41 42 14 13 19 22 25 28 7 8 3 2 9 16 20 21
10 9
23 16 36 3 4 35 14 25 2 37 1 38 10 29 30 9 12 27 34 5 21 18 19 20 13 26 15 24 17 22 8 31 7 32 33 6 28 11
25 4
8 9 25 24 54 53 32 33 22 23 16 15 14 29 2 1 39 40 11 12 51 50 52 49 10 57 7 4 36 31 41 42 58 3 26 17 56 55 13 46 34 35 6 5 37 38 43 44 48 47 30 45 21 20 27 28 18 19
9 7
28 27 5 8 32 3 25 10 21 22 24 23 6 7 26 29 16 11 14 13 15 12 31 30 4 9 17 18 1 2 19 20
10 10
32 39 9 4 23 22 35 36 26 29 13 12 10 15 27 28 2 1 33 38 11 14 3 40 34 37 31 18 8 5 6 7 16 17 19 24 21 20 30 25
5 11
31 30 13 12 18 19 4 5 16 17 15 22 29 32 2 27 23 14 9 10 6 7 25 24 11 8 1 28 21 20 26 3
7 14
23 20 13 30 16 15 19 18 35 42 31 32 11 6 40 41 14 29 27 26 21 22 4 3 25 24 12 33 34 5 10 7 39 38 1 2 17 28 36 37 9 8
7 14
3 4 27 26 21 20 8 9 16 13 32 41 37 40 17 18 19 12 24 25 33 34 35 36 15 14 2 5 42 1 29 28 38 39 30 31 6 7 10 11 23 22
12 7
2 1 38 19 22 23 13 6 21 32 34 37 29 28 15 16 25 24 26 31 8 9 18 3 36 35 7 12 17 14 33 20 5 4 11 10 30 27
10 10
28 27 11 14 23 24 18 17 29 22 35 30 10 9 40 1 12 13 19 20 38 39 34 33 21 16 7 6 2 3 5 4 32 31 15 8 26 25 37 36
16 6
13 36 14 15 17 16 22 21 2 43 24 29 38 3 12 7 35 34 26 27 20 19 40 39 28 25 23 32 44 1 37 6 41 42 11 8 4 5 33 18 10 9 30 31
23 3
2 49 1 50 15 32 20 19 27 26 38 37 39 14 9 10 35 36 21 28 44 7 46 47 25 22 4 3 18 17 13 12 29 30 6 45 42 11 51 52 43 8 48 5 34 33 41 40 24 23 31 16
7 14
36 39 22 21 31 32 34 1 35 40 27 26 33 30 18 17 23 24 8 5 41 42 25 20 10 11 7 6 14 15 29 4 19 16 2 3 13 28 9 12 38 37
4 25
40 53 44 41 30 13 38 35 16 17 52 49 14 29 18 15 23 28 47 46 6 7 25 26 45 48 33 32 2 57 11 10 5 8 37 36 54 39 42 43 9 12 20 21 31 34 51 50 27 24 19 22 1 58 4 55 56 3
50 2
95 14 13 96 22 87 23 86 15 94 21 88 103 6 40 69 65 44 53 56 97 12 11 98 99 10 73 36 24 85 77 32 16 93 76 33 80 29 67 42 71 38 78 31 64 45 30 79 70 39 46 63 9 100 2 3 47 62 66 43 59 50 8 101 102 7 75 34 25 84 54 55 92 17 5 104 52 57 4 1 28 81 37 72 83 26 91 18 68 41 58 51 89 20 49 60 74 35 82 27 19 90 48 61
22 4
51 52 26 27 17 16 7 50 40 41 5 6 33 34 23 22 35 36 2 1 19 18 46 47 24 25 9 10 20 39 48 49 31 32 3 4 14 15 12 11 8 45 29 30 42 43 44 13 21 28 38 37
3 26
37 36 35 34 30 31 1 58 57 2 6 7 43 42 49 48 47 46 27 26 32 33 8 9 12 13 54 29 25 24 11 10 20 21 14 15 3 56 19 18 38 39 55 28 50 51 40 41 22 23 45 44 17 16 4 5 52 53
33 3
44 35 72 71 54 53 34 45 37 40 28 25 61 14 29 32 31 30 15 18 17 16 43 36 5 4 64 67 9 8 58 57 39 38 26 27 22 21 7 6 69 70 23 50 56 59 48 47 62 63 66 65 41 42 19 60 1 10 24 33 2 3 55 20 13 12 51 52 11 68 46 49
10 10
36 37 6 35 15 28 23 22 29 14 18 17 9 8 2 1 16 19 31 30 20 27 11 10 33 32 34 13 26 21 7 12 24 25 40 3 38 5 39 4
7 14
22 35 28 25 19 20 17 42 11 10 40 39 37 36 21 18 4 3 27 26 23 24 5 6 13 16 31 32 9 12 2 7 41 38 15 14 1 8 29 30 33 34
10 7
31 30 2 1 14 13 32 11 33 8 15 16 29 28 6 7 24 23 17 12 20 21 27 22 18 19 4 5 25 26 3 34 10 9
2 10
17 14 3 2 5 4 15 16 23 18 19 22 9 10 24 1 8 13 20 21 7 6 12 11
1 50
71 70 94 93 40 39 88 87 56 55 66 67 62 61 81 82 86 89 23 22 37 38 98 97 99 2 10 9 47 46 77 20 49 48 68 69 42 43 30 31 19 80 25 76 57 44 60 59 13 14 5 6 96 95 64 35 28 29 74 73 17 16 54 45 100 101 34 33 36 63 58 41 27 72 12 85 18 83 3 4 50 51 90 11 53 52 79 78 24 21 26 75 65 32 91 92 1 102 7 8 15 84
10 10
20 5 16 15 14 19 38 39 30 31 1 40 29 28 23 4 22 21 36 37 25 24 26 27 2 3 10 7 12 13 9 8 34 35 32 33 6 11 17 18
2 10
14 13 18 19 17 16 2 1 21 22 10 11 8 9 20 23 6 7 24 15 5 12 3 4
5 19
45 46 12 13 33 32 3 4 38 39 29 28 35 24 11 10 2 1 43 42 41 48 19 22 7 8 23 36 5 14 9 6 40 37 16 17 20 21 15 18 47 44 30 31 34 27 25 26
25 4
33 30 2 3 28 29 36 35 14 15 26 27 58 1 39 38 12 13 51 52 19 50 41 42 9 4 37 40 47 46 16 53 18 17 22 23 56 55 44 45 49 20 21 24 5 6 54 57 7 8 25 34 11 10 48 43 32 31
5 1
11 10 1 2 8 7 9 4 6 5 3 12
7 14
41 42 29 40 2 11 15 18 13 28 20 21 3 4 30 39 23 24 35 36 33 32 17 16 26 27 12 1 25 14 7 6 19 22 9 10 8 5 37 38 31 34
33 3
24 49 16 19 41 36 23 52 45 30 68 9 70 5 10 11 20 55 58 57 50 51 42 33 59 62 31 44 46 25 64 63 14 13 38 37 47 48 2 1 12 67 26 29 66 15 32 43 40 39 8 7 72 3 71 4 27 28 54 21 65 56 22 53 61 60 34 35 6 69 18 17
1 6
11 10 14 13 3 2 5 4 8 9 7 6 12 1
1 7
16 7 8 4 3 6 11 5 9 10 13 14 2 12 1 15
3 33
47 26 19 18 7 8 50 51 58 59 13 12 32 33 21 20 39 38 37 34 2 65 56 57 3 4 14 15 45 46 42 27 48 49 66 69 55 54 10 11 36 35 29 28 64 63 60 9 25 22 68 67 41 40 53 52 31 30 16 17 23 24 1 72 71 70 43 44 6 5 62 61
10 10
18 7 9 10 20 31 16 15 38 35 6 5 26 27 24 23 13 8 34 39 3 40 19 4 33 32 17 14 25 22 29 30 37 36 28 21 12 11 1 2
5 15
14 15 35 18 16 13 17 12 22 27 23 26 25 24 5 36 1 40 32 29 38 3 10 7 31 30 2 39 9 8 4 37 33 28 21 20 11 6 19 34
6 16
35 40 44 43 24 25 3 4 41 32 5 30 36 37 10 9 7 16 29 28 27 6 19 22 23 18 42 31 21 20 12 15 2 1 8 11 17 26 39 38 13 14 34 33
8 5
9 8 21 22 3 4 5 6 15 12 20 17 24 25 14 13 23 10 2 7 11 16 18 19 26 1
4 1
4 1 5 6 7 10 2 3 8 9
10 5
11 28 24 25 6 5 27 26 9 4 16 15 12 23 17 18 7 8 30 1 13 14 19 22 10 29 3 2 20 21
6 16
6 7 28 15 8 5 3 44 35 10 13 30 29 14 31 12 42 41 16 21 32 11 37 36 2 1 27 26 17 20 25 22 33 34 9 4 40 43 24 23 18 19 38 39
3 10
22 21 12 13 17 18 8 7 5 6 19 16 15 14 24 23 11 10 25 20 9 26 1 2 4 3
11 7
27 24 30 7 11 18 20 9 2 35 5 32 14 15 29 22 26 25 10 19 6 31 1 36 28 23 34 3 33 4 17 12 16 13 21 8
3 33
23 24 17 18 21 22 5 6 46 41 51 52 40 39 50 49 69 70 28 35 10 9 7 8 45 42 25 58 72 67 53 54 33 34 43 44 12 11 38 37 19 20 2 13 57 26 71 68 31 32 4 3 63 64 29 30 36 27 66 65 47 48 55 56 62 61 14 1 60 59 16 15
10 5
9 8 4 5 27 26 14 11 15 10 23 22 21 28 24 25 1 2 13 12 7 16 18 17 30 29 3 6 20 19
10 7
16 28 2 8 22 1 29 25 33 26 20 10 11 17 19 5 32 31 30 18 9 4 34 15 23 12 14 6 13 3 21 27 24 7
7 14
1 2 40 33 3 42 13 16 25 28 41 4 24 17 32 9 37 36 20 21 38 39 29 30 19 18 7 8 35 34 22 23 12 11 6 5 10 31 27 26 14 15
45 1
25 68 38 39 34 57 59 60 49 44 10 9 21 72 55 56 89 4 85 88 75 76 16 79 37 54 6 5 43 42 36 35 83 84 86 87 45 46 17 78 11 12 81 82 7 8 27 26 90 1 77 20 50 51 13 14 2 3 58 33 67 66 62 63 53 52 92 91 80 15 22 23 32 61 73 74 19 18 65 28 47 48 24 71 69 70 40 41 29 30 64 31
4 13
26 25 22 23 9 8 14 19 5 6 31 30 21 20 2 3 17 18 28 29 12 13 16 15 11 10 4 27 33 32 34 1 24 7
24 4
17 16 24 25 56 9 4 7 41 44 34 33 15 48 29 28 22 19 52 55 30 27 12 11 18 47 32 37 26 31 35 36 39 40 50 49 14 13 3 8 54 53 45 46 10 51 1 2 38 23 20 21 6 5 43 42
9 10
13 15 6 3 9 17 27 35 28 31 30 16 37 2 10 19 33 4 5 21 12 26 20 23 1 24 22 8 14 7 32 18 36 34 25 11 29 38
2 10
10 19 22 3 23 2 7 8 17 18 15 16 5 6 14 11 24 1 9 4 13 12 21 20
3 25
37 36 35 34 7 8 47 4 14 41 17 38 40 39 24 23 22 25 51 2 28 27 31 32 42 43 56 1 46 9 3 48 6 5 55 54 44 45 52 53 15 16 49 50 30 19 11 12 20 21 29 26 18 33 10 13
24 3
50 49 41 12 17 14 23 30 8 7 52 3 11 46 15 16 37 20 48 5 10 9 29 24 51 4 54 1 53 2 26 25 18 19 42 45 27 28 36 33 47 6 43 44 38 39 34 35 13 40 21 22 32 31
6 16
2 3 10 11 18 19 15 16 35 36 30 31 23 22 39 40 29 8 21 20 24 17 7 6 41 44 12 9 37 38 27 28 26 25 33 32 34 1 14 13 4 5 42 43
4 7
19 18 15 4 13 12 3 20 17 16 11 10 6 7 14 5 8 9 22 21 2 1
5 20
1 50 46 47 30 29 18 17 9 12 35 34 45 44 38 5 32 31 20 19 8 33 49 48 39 40 7 6 16 15 23 24 25 26 22 21 4 43 42 41 3 2 11 10 13 14 27 28 37 36
16 3
35 32 20 17 29 30 1 2 34 33 25 24 6 5 19 18 27 28 14 15 37 36 4 3 10 11 16 31 9 38 8 7 23 26 13 12 22 21
10 1
18 19 22 1 3 4 20 15 13 10 12 11 17 16 2 21 6 5 8 7 9 14
10 10
2 19 14 7 13 8 31 30 20 1 18 3 40 21 23 38 16 5 12 9 11 10 15 6 22 39 35 26 17 4 24 37 27 34 25 36 32 29 33 28
7 14
1 10 27 24 15 14 11 42 18 21 19 20 30 13 41 40 7 6 12 35 3 2 31 34 22 29 4 9 26 25 16 17 23 28 37 38 32 33 39 36 5 8
20 3
28 17 31 32 13 14 10 9 29 30 21 24 25 26 44 45 7 6 41 8 4 5 43 42 18 19 1 46 37 36 12 35 39 38 27 20 23 22 16 15 33 34 40 11 3 2
5 10
20 14 1 18 5 6 16 12 9 26 4 17 11 15 8 3 23 24 22 27 10 7 29 19 25 21 13 28 30 2
3 16
10 11 37 38 17 14 20 19 30 31 9 8 6 5 1 36 18 21 24 25 16 15 35 2 22 23 7 26 32 33 27 34 28 29 13 12 4 3
14 7
29 30 24 41 3 12 10 5 18 17 40 25 38 27 22 21 33 34 15 16 2 13 26 39 6 9 14 1 19 20 8 7 37 28 35 36 32 31 4 11 42 23
5 20
31 16 37 36 49 48 12 15 9 10 29 30 3 2 34 35 25 24 45 46 43 42 47 44 32 33 20 19 26 21 13 14 8 7 18 17 50 1 6 41 27 28 22 23 11 38 40 39 4 5
25 2
42 15 54 1 19 20 16 39 12 13 10 11 14 47 40 41 32 31 35 34 18 17 27 24 8 9 52 51 26 25 7 6 21 22 28 23 50 49 48 3 5 4 44 43 37 36 29 30 45 46 53 2 38 33
21 3
32 31 43 42 18 15 13 10 36 33 30 29 7 8 19 6 35 34 37 38 47 46 45 44 5 2 14 9 4 3 22 21 26 23 39 20 48 1 28 27 12 11 24 25 17 16 41 40
5 3
6 5 11 4 3 12 14 13 9 10 8 7 2 15 1 16
5 20
38 39 49 48 15 14 2 1 34 35 43 42 27 28 22 29 19 18 37 10 23 24 25 26 41 40 36 13 21 20 47 50 44 9 4 3 31 30 46 45 16 17 33 32 8 7 12 11 6 5
4 9
10 11 2 3 24 1 8 5 25 26 15 18 14 19 6 7 20 9 22 21 13 12 16 17 4 23
4 25
18 19 56 55 32 31 8 7 34 33 28 23 5 6 26 27 47 50 16 17 46 45 21 20 43 10 44 9 37 36 38 39 40 41 53 54 25 24 4 1 58 51 14 13 57 52 22 35 2 3 12 11 29 30 48 49 15 42
36 1
2 1 56 51 39 38 31 30 68 71 27 22 47 48 42 41 21 8 9 10 11 12 3 62 65 66 50 49 24 23 52 53 17 18 59 60 58 61 20 19 57 28 35 36 37 40 33 34 26 25 29 32 14 13 4 5 16 15 7 6 69 70 64 67 43 46 73 74 44 45 72 63 55 54
1 14
21 20 12 13 26 29 14 15 27 28 19 18 2 3 1 30 8 17 7 6 10 9 23 24 4 5 25 22 11 16
100 1
118 117 2 1 53 52 116 115 18 185 178 179 33 34 114 89 17 16 129 128 26 177 81 80 182 183 137 66 104 103 98 97 143 62 107 108 172 31 70 133 72 71 93 92 159 158 86 85 140 63 188 189 44 45 99 106 122 83 184 21 202 201 22 23 96 109 15 190 42 163 169 170 55 150 4 3 110 111 176 29 180 25 59 146 19 20 56 147 73 74 76 127 192 191 168 35 173 174 142 141 132 131 151 54 78 77 193 12 113 90 37 36 194 195 161 160 95 94 136 67 79 124 152 153 50 51 100 105 101 102 198 199 14 13 39 40 162 43 64 139 164 41 149 148 91 112 5 200 61 60 6 7 175 30 82 123 138 65 186 187 121 120 9 8 197 196 84 119 57 58 157 156 75 130 38 165 68 69 126 125 47 46 11 10 144 145 166 167 24 181 135 134 171 32 155 154 48 49 28 27 87 88
7 14
22 21 18 25 26 17 34 9 33 10 42 1 28 15 12 31 14 29 13 30 5 38 2 41 35 8 3 40 23 20 32 11 6 37 27 16 39 4 19 24 7 36
14 7
26 27 10 11 12 13 22 21 25 28 2 3 7 34 6 5 40 41 23 24 42 39 15 14 31 18 8 9 29 30 19 20 17 32 38 35 16 33 4 1 37 36
99 1
5 198 31 32 54 53 52 51 35 166 68 135 86 85 112 91 97 96 1 2 114 113 149 150 160 41 127 78 36 37 11 192 179 180 147 148 72 71 177 176 133 134 105 98 136 137 104 99 190 191 83 122 26 175 33 170 197 6 94 109 111 92 47 46 8 195 44 159 30 29 48 155 19 18 121 120 14 189 110 93 12 13 43 42 124 123 169 168 49 50 131 130 69 70 66 139 62 141 128 77 117 118 138 67 193 194 108 95 174 27 17 184 101 102 84 119 162 161 82 81 200 3 63 140 56 55 199 4 24 23 10 9 38 165 132 73 28 173 146 57 21 182 89 90 178 25 76 129 61 142 164 39 188 15 22 181 7 196 125 80 45 158 64 65 145 58 87 116 100 103 59 144 126 79 154 153 16 187 60 143 20 183 115 88 74 75 172 171 157 156 40 163 34 167 106 107 151 152 186 185
1 5
10 9 4 11 7 8 12 1 6 5 2 3
19 5
4 7 27 32 30 29 14 45 34 25 43 16 5 6 12 47 37 22 33 26 10 1 44 15 2 9 20 39 23 36 38 21 46 13 40 19 42 17 41 18 8 3 48 11 35 24 28 31
10 10
32 33 21 22 4 3 40 39 8 9 11 18 16 15 26 31 1 6 19 36 2 5 34 25 20 23 24 35 28 27 13 14 29 30 37 38 7 10 12 17
13 7
10 11 36 35 2 1 39 38 17 16 6 9 15 14 13 12 29 18 28 27 5 34 8 7 33 32 24 23 22 19 25 26 4 37 40 3 30 31 20 21
2 20
20 19 35 34 41 38 9 32 1 2 30 31 5 4 16 17 39 40 29 28 43 42 8 7 37 6 22 15 23 24 14 27 12 13 26 25 33 36 11 10 44 3 18 21
4 25
34 37 58 3 18 17 26 25 8 9 29 30 49 50 11 10 20 21 22 33 43 14 56 57 40 41 45 44 23 24 52 53 12 13 27 32 7 6 38 39 42 19 36 35 46 5 4 51 1 2 48 47 15 16 55 54 31 28
3 33
14 13 21 32 2 1 68 67 15 12 31 30 43 40 6 7 63 62 72 65 58 59 11 10 46 45 37 38 8 9 16 17 27 26 52 61 47 44 23 22 18 19 55 56 49 48 57 54 5 4 35 36 53 60 42 41 50 51 33 34 20 3 70 71 66 69 28 29 24 25 64 39
22 4
18 43 49 12 30 31 26 35 13 48 16 45 7 2 11 50 20 41 5 4 44 17 9 52 42 19 40 21 39 22 24 37 28 33 29 32 36 25 47 14 3 6 15 46 1 8 23 38 27 34 51 10
10 8
31 32 35 2 22 21 6 7 23 24 28 15 3 4 17 16 30 33 20 27 5 10 12 11 26 25 19 18 14 13 9 8 29 34 1 36
6 4
17 16 18 19 6 7 4 9 11 10 12 13 2 1 14 3 15 20 8 5
20 2
4 7 37 34 5 6 27 18 33 32 25 26 29 28 35 36 9 8 3 2 12 13 1 44 22 23 11 38 41 42 17 16 40 43 21 24 31 30 14 15 19 20 10 39
3 33
46 45 4 3 29 42 68 67 18 51 22 23 47 24 61 62 19 48 65 66 57 16 38 41 20 21 72 1 60 59 13 14 53 52 43 44 33 36 37 30 10 11 31 32 64 63 39 40 58 9 50 49 35 34 70 71 56 17 69 2 28 27 25 26 54 55 5 6 8 7 15 12
7 13
19 20 10 15 9 8 27 26 34 33 38 37 23 24 28 29 13 14 4 35 7 32 36 39 6 5 22 25 2 3 16 21 40 1 30 31 12 11 17 18
20 5
31 30 8 43 33 16 25 26 18 17 32 21 39 38 1 50 7 6 37 36 14 13 24 27 47 46 44 45 15 40 49 48 28 29 2 5 19 20 41 42 23 22 3 4 10 9 11 12 34 35
99 1
152 153 77 126 137 136 163 38 138 63 19 20 75 76 146 57 181 182 94 95 73 128 121 80 90 89 12 11 171 32 17 186 27 26 141 142 183 184 112 91 10 191 47 46 7 196 176 25 109 108 68 69 54 53 104 103 36 165 60 59 139 62 130 129 14 189 61 140 2 199 83 118 21 22 145 58 33 34 195 194 133 132 164 37 168 167 200 1 23 178 24 177 107 106 148 147 197 4 70 131 154 155 135 66 3 198 74 127 101 102 35 166 79 122 42 41 173 30 85 116 87 88 143 144 43 158 28 29 124 125 71 72 117 84 185 18 192 193 82 81 105 96 9 8 180 179 6 5 111 92 150 151 169 170 120 119 123 78 86 115 98 97 44 45 55 56 65 64 99 100 16 15 13 190 67 134 52 149 187 188 110 93 160 159 48 49 161 40 39 162 113 114 157 156 175 174 31 172 51 50
4 22
10 11 24 27 43 44 17 30 40 41 50 49 12 13 33 14 15 16 5 6 45 46 21 20 28 29 26 25 22 23 8 7 48 47 51 4 18 19 35 36 2 3 42 9 34 37 31 32 39 38 52 1
5 16
20 19 2 3 36 35 13 16 5 6 21 30 12 11 41 42 1 18 26 27 9 8 15 14 31 34 32 33 38 37 17 10 39 40 24 25 29 28 23 22 4 7
16 5
3 6 19 22 2 1 9 32 18 17 8 7 31 10 23 24 26 25 38 39 41 40 34 33 27 28 20 21 4 5 12 11 37 42 15 16 29 30 36 35 14 13
33 3
66 13 43 36 60 19 51 28 58 21 15 64 46 33 8 71 34 45 44 35 10 69 24 55 30 49 39 40 70 9 52 27 68 11 57 22 16 63 72 7 32 47 50 29 61 18 62 17 12 67 31 48 42 37 3 4 26 53 54 25 23 56 6 1 38 41 65 14 59 20 2 5
4 25
28 29 44 47 10 11 6 9 20 19 32 21 36 37 15 14 3 2 41 42 57 56 26 27 31 30 53 54 34 33 51 50 35 16 39 38 22 25 8 7 1 58 18 17 24 23 5 4 12 43 13 40 46 45 55 52 48 49
16 6
20 21 19 18 13 38 3 2 25 24 5 10 15 14 4 1 16 37 22 27 41 44 34 35 6 7 32 31 17 36 43 42 39 40 29 28 23 26 11 12 9 8 33 30
10 10
31 30 8 7 18 27 39 28 13 14 23 26 1 40 24 25 20 21 36 29 9 12 32 33 5 4 17 6 15 16 3 2 19 22 11 10 37 38 34 35
6 16
37 36 42 43 6 5 9 10 22 23 1 44 4 3 25 26 18 19 24 13 14 21 34 7 31 30 2 41 15 20 29 28 11 12 27 8 32 33 17 16 40 35 38 39
10 9
3 38 16 11 17 8 35 36 12 13 5 6 29 18 19 28 14 15 10 9 37 34 2 1 7 4 26 25 22 21 31 30 23 20 32 33 27 24
7 14
12 15 4 37 42 41 34 5 10 11 36 35 24 25 17 22 28 27 13 14 40 39 21 20 30 31 29 26 23 16 9 6 18 19 33 32 2 3 8 7 38 1
20 5
43 44 13 14 8 3 33 34 19 20 39 40 18 17 49 28 42 41 38 37 11 12 27 50 22 21 46 45 30 47 4 7 23 24 2 9 29 48 1 10 15 16 32 31 25 26 5 6 35 36
10 10
34 35 37 38 4 9 17 14 13 12 10 21 6 7 1 2 16 15 39 32 28 31 18 19 27 22 40 3 29 30 11 20 25 24 36 33 8 5 26 23
10 10
24 23 19 20 5 38 13 16 6 17 27 26 10 11 18 21 22 37 25 36 34 29 12 7 2 3 14 15 28 35 40 1 8 9 4 39 30 31 33 32
4 16
25 26 32 29 34 33 31 30 13 14 7 6 20 21 17 18 37 38 12 11 3 2 15 16 10 19 28 39 5 40 4 1 35 36 27 24 9 8 22 23
4 15
31 30 23 26 4 1 33 32 35 34 25 24 6 5 12 21 17 18 20 19 27 28 9 10 2 3 7 38 37 36 22 11 29 8 16 15 14 13
5 1
4 11 2 3 5 8 12 1 7 6 9 10
8 10
8 7 9 12 35 34 27 6 31 32 2 1 28 5 17 20 23 14 19 18 26 13 3 36 11 10 25 24 21 16 30 29 15 22 4 33
9 6
12 11 23 28 21 18 4 13 24 25 17 14 7 6 29 22 26 27 5 8 15 16 1 2 19 20 30 3 10 9
50 2
80 27 79 78 87 86 88 19 84 23 18 89 93 14 94 9 50 51 45 62 76 33 97 98 22 21 67 40 34 75 28 29 53 54 6 5 30 77 52 49 20 85 8 99 38 39 7 100 65 66 55 56 95 96 83 82 91 92 71 70 101 4 35 36 72 37 90 15 103 104 57 58 60 61 41 64 47 48 13 12 25 26 24 81 68 69 16 17 31 32 43 42 73 74 1 102 3 2 10 11 63 44 59 46
6 14
21 20 36 37 34 33 8 7 29 30 27 26 16 9 24 23 18 19 25 28 14 15 12 13 4 3 39 40 11 10 31 32 17 22 1 2 6 5 35 38
14 7
31 28 19 18 5 2 4 3 10 11 22 17 42 7 30 29 9 12 24 15 1 6 23 16 21 20 39 38 14 33 13 8 34 41 35 40 37 36 26 27 32 25
3 29
13 12 59 58 51 10 49 48 47 18 3 4 5 60 14 17 23 20 46 45 40 39 61 62 2 1 15 16 36 41 38 37 22 21 63 64 52 53 11 50 8 9 19 44 33 32 31 30 28 27 57 56 34 29 43 42 24 35 6 7 26 25 54 55
8 6
27 2 1 28 24 5 11 16 3 26 23 6 25 4 15 14 7 20 21 22 17 10 18 9 19 8 13 12
10 10
14 27 11 30 39 2 22 19 1 40 20 21 3 38 37 4 35 6 8 33 18 23 32 9 7 34 15 26 17 24 28 13 16 25 31 10 36 5 29 12
4 15
1 12 3 2 34 37 20 17 30 15 28 29 16 21 38 31 11 4 10 9 33 32 22 25 26 27 7 8 6 5 35 36 19 18 24 23 13 14
16 6
14 15 31 32 16 9 19 30 39 36 28 29 10 13 25 26 1 40 21 24 3 4 35 8 34 17 11 12 43 44 33 18 41 42 38 37 27 20 6 7 5 2 23 22
16 6
6 5 38 7 28 35 3 2 9 8 42 41 11 14 13 12 22 21 24 19 15 18 16 17 43 40 33 34 10 37 36 27 44 1 25 26 29 30 39 4 32 31 20 23
10 10
30 37 15 18 22 21 33 34 4 3 7 2 36 35 14 19 12 27 38 1 26 13 32 31 11 8 20 23 25 24 5 6 17 16 40 39 28 29 10 9
100 1
171 32 85 120 116 89 7 198 54 151 132 73 45 160 29 174 49 48 70 133 39 164 105 98 182 183 40 163 145 60 128 127 140 139 74 131 190 191 16 17 104 99 169 34 109 110 23 180 177 178 112 111 142 141 176 27 186 185 82 123 138 65 75 130 157 156 95 96 57 148 195 10 194 193 36 35 125 126 19 20 88 117 13 192 66 67 72 71 162 41 106 97 12 11 3 4 136 69 18 187 63 64 37 168 58 59 38 167 121 84 114 115 30 31 184 21 172 173 143 144 175 28 135 134 46 159 53 52 108 107 113 92 77 78 119 86 101 102 196 9 149 56 33 170 150 55 188 15 154 153 158 47 83 122 87 118 24 179 129 76 137 68 200 5 14 189 90 91 166 165 81 124 103 100 61 62 94 93 146 147 201 2 79 80 161 42 8 197 6 199 50 155 152 51 181 22 25 26 202 1 43 44
6 16
36 37 7 6 40 33 25 26 38 39 28 29 34 35 5 32 21 20 3 4 23 22 19 14 8 11 41 2 31 30 10 9 16 17 24 27 13 12 42 1 44 43 18 15
4 24
20 21 37 36 40 5 44 43 47 48 7 6 38 17 55 50 11 16 4 41 42 45 9 8 30 31 22 19 39 10 33 34 32 23 24 29 26 27 51 54 18 35 25 28 1 2 15 12 52 53 3 56 13 14 49 46
4 22
21 22 38 9 40 41 31 30 10 11 23 24 6 5 1 50 12 13 16 17 15 14 3 4 19 20 32 33 28 25 39 42 26 27 2 45 44 43 47 46 37 36 8 7 29 18 48 49 51 52 34 35
10 1
21 20 9 8 19 18 16 17 6 5 7 2 14 15 12 11 1 22 4 3 10 13
50 2
84 21 60 59 32 31 20 19 64 43 30 75 28 27 1 104 25 26 102 101 5 100 4 3 92 93 99 8 38 39 45 46 71 72 62 63 77 76 11 12 24 83 2 103 40 65 22 23 66 37 47 48 88 91 33 34 36 73 96 9 74 35 56 57 6 7 95 94 58 55 52 51 49 50 82 29 97 98 14 15 89 90 87 18 86 85 70 69 79 78 80 81 61 44 16 17 67 68 53 54 13 10 41 42
33 3
24 25 54 59 22 21 38 39 19 20 4 5 48 49 65 66 1 72 69 68 8 9 14 3 36 35 28 29 42 43 41 2 37 34 33 40 55 56 27 30 51 50 57 58 60 63 52 67 61 62 70 71 26 31 15 32 23 16 44 45 47 46 17 18 10 11 13 12 6 7 53 64
4 25
58 5 24 27 11 8 36 35 17 16 2 3 18 15 31 30 54 57 23 22 51 50 29 34 44 45 28 21 19 20 49 46 52 39 7 6 1 4 38 37 32 33 47 48 12 53 42 43 26 25 9 10 41 40 55 56 13 14
6 10
22 11 4 29 7 26 2 31 3 30 28 5 18 15 9 24 16 17 6 27 1 32 25 8 13 20 12 21 23 10 19 14
6 16
37 38 7 2 8 39 40 1 27 10 31 32 43 44 9 34 5 4 24 25 19 20 15 22 11 14 18 21 28 33 6 3 36 35 12 13 41 42 23 26 29 30 16 17
7 12
23 24 1 28 19 20 34 33 35 30 8 7 3 6 4 5 14 13 38 37 21 18 22 27 11 10 17 16 2 9 26 25 31 32 15 12 29 36
3 1
2 1 6 5 7 4 8 3
33 3
66 9 5 4 63 12 17 18 35 38 57 58 24 25 15 16 21 20 13 14 53 54 32 31 23 28 56 59 27 26 34 39 50 29 49 48 55 60 40 33 69 8 10 11 30 43 72 1 68 67 42 41 65 64 51 22 37 36 45 44 61 62 47 46 3 6 7 70 71 2 19 52
90 1
165 18 89 88 16 17 142 141 38 147 124 123 172 13 93 92 12 11 104 81 65 120 58 125 180 181 47 46 99 84 95 94 155 30 114 115 118 117 90 91 169 168 74 75 148 149 34 35 22 161 87 96 146 145 59 60 156 29 178 7 55 130 85 86 177 8 14 15 44 139 109 76 31 32 129 56 157 158 171 170 182 1 107 106 33 152 57 128 5 4 67 68 103 82 166 167 48 135 179 6 69 116 100 83 27 28 98 97 131 54 108 77 151 150 140 43 20 163 159 26 21 162 143 42 127 126 53 52 49 134 61 122 9 10 113 70 78 105 80 79 41 40 160 25 62 121 111 110 45 138 2 3 23 24 36 37 51 132 119 66 144 39 164 19 50 133 173 174 64 63 71 72 101 102 176 175 153 154 73 112 137 136
10 9
29 32 27 28 7 14 8 13 23 22 31 30 2 1 11 10 16 5 25 26 15 6 9 12 35 36 3 24 17 4 21 18 34 37 19 20 38 33
5 20
48 49 31 30 50 43 34 35 19 20 44 47 42 41 3 2 5 6 21 24 14 15 22 23 33 32 11 10 7 36 18 29 17 16 4 1 9 8 26 25 46 45 12 13 37 38 40 39 27 28
6 12
31 32 13 14 19 26 18 7 27 28 21 20 6 5 35 30 36 29 15 16 17 8 9 10 1 4 24 25 34 33 12 11 2 3 22 23
5 18
41 20 10 7 4 43 38 35 25 24 17 12 13 16 26 23 34 39 15 14 28 33 8 9 46 1 44 3 29 32 45 2 21 40 18 19 31 30 11 6 37 36 42 5 22 27
3 33
44 51 38 37 62 65 71 70 34 35 6 7 15 14 55 54 21 20 32 33 5 4 45 46 59 60 43 42 36 41 39 40 52 57 50 47 58 61 18 19 11 12 69 72 48 49 68 67 64 63 17 16 53 56 10 9 31 30 24 23 28 27 1 2 8 13 29 22 66 3 26 25
25 4
27 26 58 1 49 48 4 5 39 36 17 16 13 14 29 32 42 43 46 45 37 38 44 47 12 11 8 15 34 33 56 55 2 3 41 40 9 10 35 28 50 51 24 25 54 53 57 52 19 20 30 31 22 23 6 7 21 18
7 14
13 16 35 36 34 37 32 39 9 6 42 29 7 8 3 12 15 14 4 11 28 19 25 22 1 18 30 41 27 20 21 26 40 31 24 23 17 2 10 5 33 38
2 38
11 70 4 77 28 27 21 22 78 1 5 8 56 55 25 26 51 52 7 6 41 40 46 45 61 62 34 31 76 75 2 3 65 64 66 67 60 59 44 35 10 9 47 48 79 80 49 30 58 57 72 71 69 12 32 33 54 53 74 73 37 38 18 17 19 20 14 15 13 68 16 63 24 23 50 29 43 36 42 39
10 10
23 22 38 39 26 19 21 24 14 9 25 20 10 11 40 35 15 16 30 29 6 5 8 33 18 31 32 17 34 7 1 2 13 12 28 27 3 4 37 36
7 1
2 1 4 3 10 11 16 13 8 9 7 6 5 12 15 14
25 2
27 24 1 54 30 29 6 53 23 28 10 9 16 17 4 5 20 39 42 11 32 31 8 7 46 47 36 35 34 33 19 18 14 15 50 49 22 21 40 41 13 12 26 25 37 38 45 48 51 52 2 3 44 43
10 8
3 34 4 17 18 31 19 30 16 7 2 1 11 12 29 24 26 27 9 10 28 25 35 36 8 15 21 22 13 14 6 5 20 23 33 32
3 14
5 4 13 12 19 20 18 33 3 34 9 10 11 6 29 28 27 32 24 23 22 21 15 16 17 14 8 7 25 26 30 31 1 2
20 5
9 10 26 25 38 41 36 33 46 45 7 6 20 21 39 40 28 23 27 24 48 49 37 22 12 15 32 29 18 19 44 43 35 34 13 14 11 16 31 30 2 1 17 42 47 4 8 5 50 3
13 7
17 10 16 13 35 36 32 31 4 7 5 6 19 24 40 3 39 38 20 21 30 9 15 14 29 18 25 28 27 26 1 2 8 33 34 37 11 12 22 23
20 5
34 35 19 20 32 29 24 25 48 49 28 33 43 44 40 39 5 4 16 15 1 2 18 17 11 12 6 3 31 30 41 42 10 9 45 8 13 14 21 36 26 27 50 7 38 37 46 47 22 23
4 25
23 24 49 4 20 25 51 50 33 34 15 10 19 26 28 27 48 47 56 57 8 9 36 35 52 55 32 29 13 14 18 41 3 58 1 2 30 31 6 7 46 5 43 16 38 39 53 54 42 17 11 12 40 37 22 21 45 44
14 7
14 15 23 22 32 31 20 19 37 2 29 30 21 24 39 38 28 27 16 25 26 11 35 36 12 13 6 3 10 9 4 5 7 8 41 40 34 33 42 1 17 18
6 3
8 9 7 6 13 18 4 3 10 11 15 16 12 1 2 5 14 17
3 6
12 11 3 2 18 1 7 10 15 16 14 13 17 4 9 8 6 5
4 25
49 50 42 9 11 36 41 10 44 7 14 13 56 1 40 39 27 30 53 54 29 28 22 25 32 31 45 52 16 35 34 19 47 46 15 12 57 58 24 23 17 18 3 2 20 33 51 48 5 4 55 6 26 21 43 8 37 38
10 10
19 6 7 8 29 30 4 3 5 2 25 28 31 32 18 9 24 23 1 36 40 39 16 11 21 34 20 35 15 14 22 33 27 26 10 17 38 37 12 13
10 3
23 24 16 5 21 20 1 2 9 8 17 18 7 6 22 19 13 10 12 11 14 15 3 4 25 26
1 99
5 6 104 95 121 80 18 17 62 63 165 164 94 93 125 126 8 7 41 160 70 71 20 21 64 135 169 32 48 47 150 51 16 185 40 39 182 19 127 72 188 189 30 29 184 183 2 199 170 31 90 109 142 143 36 37 130 69 49 152 22 177 92 107 123 124 89 112 136 137 85 116 175 24 141 140 60 61 98 101 128 129 96 97 100 99 77 122 10 11 194 193 42 159 162 163 1 200 27 174 168 33 167 166 87 88 156 157 26 25 118 119 66 65 54 55 147 146 78 79 173 172 43 158 76 75 195 4 52 149 44 155 38 161 73 74 67 132 58 59 68 131 103 102 53 148 83 84 191 192 56 145 91 108 14 187 12 13 153 46 196 197 15 186 35 34 134 133 45 154 176 23 50 151 9 190 111 110 115 86 82 117 179 178 114 113 144 57 171 28 198 3 181 180 139 138 106 105 120 81
3 29
4 3 20 21 23 24 7 8 61 62 1 6 53 54 39 38 57 60 25 42 44 43 9 56 64 63 51 48 58 59 32 33 29 28 17 18 49 50 15 14 12 11 19 10 2 5 26 27 34 35 40 41 37 36 47 46 31 30 45 22 16 13 52 55
3 11
14 13 24 25 2 23 9 8 3 20 16 15 22 21 5 4 17 10 7 6 11 12 26 1 27 28 18 19
2 10
11 10 8 7 18 19 24 1 14 15 5 6 9 12 20 13 21 22 3 4 17 16 23 2
5 16
26 25 7 8 37 42 32 27 2 1 31 28 18 19 10 11 41 40 35 36 21 20 16 15 23 22 34 33 39 38 3 24 29 30 13 6 12 9 4 5 17 14
16 6
28 37 11 38 23 22 15 16 9 10 42 5 29 30 25 12 18 19 31 32 4 3 14 13 21 20 44 1 17 24 8 7 26 27 33 34 35 36 2 43 41 40 6 39
5 19
19 16 7 6 40 41 11 10 27 26 48 43 34 35 44 45 25 24 42 1 17 18 4 3 12 13 33 2 21 22 28 31 46 47 39 38 36 37 14 23 8 9 20 15 32 5 30 29
12 3
15 14 12 13 16 25 22 23 11 26 29 28 6 7 9 10 30 5 8 27 24 17 3 2 1 4 20 19 21 18
10 10
21 26 23 24 20 13 2 37 11 10 7 4 36 33 32 31 18 15 29 28 14 19 16 17 39 40 34 35 1 38 6 5 12 9 25 22 30 27 3 8
10 10
17 28 39 38 34 37 9 10 14 15 3 4 7 40 5 6 16 29 26 23 27 22 19 20 33 8 21 18 12 31 32 11 35 36 30 13 2 1 24 25
1 5
5 6 7 8 3 4 10 9 1 2 11 12
2 5
5 6 10 9 8 7 13 12 3 2 4 1 11 14
100 1
188 189 10 11 190 191 24 179 169 36 199 4 114 115 187 16 41 40 55 54 26 27 201 200 101 100 21 182 167 166 128 127 29 176 184 19 153 154 102 103 48 155 76 75 95 110 157 156 170 35 64 141 20 183 74 129 62 61 147 56 177 28 185 18 50 49 145 144 6 5 180 181 44 159 23 22 34 33 15 14 124 123 174 175 133 72 146 59 13 192 142 63 139 140 111 94 65 66 150 151 197 196 25 178 70 135 30 173 43 160 107 98 82 83 171 32 126 77 37 168 122 81 39 38 112 93 71 134 80 125 143 60 104 99 105 106 51 152 58 57 47 158 67 68 130 131 1 202 87 86 7 198 96 109 172 31 85 84 186 17 132 73 165 164 79 78 120 121 8 9 119 118 42 161 117 116 52 53 148 149 138 137 136 69 193 12 2 3 108 97 90 91 162 163 45 46 194 195 89 88 113 92
14 5
11 10 28 29 2 17 19 20 34 1 18 21 16 5 27 26 8 7 9 12 14 13 35 36 15 6 33 32 30 31 23 24 25 22 37 38 4 3
20 2
39 44 32 31 15 16 19 18 5 4 11 10 13 14 26 27 7 8 30 17 20 21 28 29 22 25 3 2 33 36 9 12 40 43 38 37 1 6 34 35 42 41 23 24
50 1
95 10 54 53 85 86 72 71 97 6 47 48 35 34 57 56 14 87 51 52 60 55 69 32 63 64 18 83 102 1 70 31 26 25 66 67 39 40 73 74 16 15 75 78 100 5 44 61 81 82 76 77 7 8 50 49 30 27 9 96 65 36 41 62 99 98 20 21 84 17 43 42 4 3 92 91 88 89 101 2 93 94 45 46 22 19 11 12 90 13 29 28 59 58 24 23 33 68 37 38 79 80
4 25
44 45 10 11 27 28 1 58 47 46 26 25 43 14 30 31 38 39 53 52 41 42 4 5 33 34 20 19 36 37 54 55 21 22 48 49 7 8 12 13 16 15 57 56 6 9 35 18 3 2 29 32 50 51 23 24 17 40
5 7
13 14 3 2 17 16 7 6 8 5 1 24 4 9 23 10 19 22 20 21 18 15 12 11
20 5
45 44 6 9 33 38 21 28 49 50 20 19 41 10 4 5 12 11 40 15 47 46 1 2 16 39 7 8 22 23 17 18 3 48 13 14 35 34 30 29 26 25 24 27 36 37 31 32 42 43
7 10
8 13 23 32 19 22 34 33 18 1 10 11 3 6 15 16 27 26 12 9 28 25 5 4 24 31 20 21 14 17 7 2 30 29
5 20
47 42 31 32 26 23 19 20 1 50 14 11 40 41 25 24 22 27 5 36 8 9 6 15 3 38 17 28 35 34 44 45 13 12 30 33 21 18 2 49 37 4 39 48 10 7 16 29 46 43
7 14
23 22 2 3 5 30 41 34 31 32 12 11 35 38 20 9 10 15 14 13 17 16 39 40 28 27 37 36 42 33 26 29 21 6 7 8 1 4 25 24 19 18
10 10
38 25 39 6 31 34 33 32 21 22 3 4 2 1 11 12 26 37 13 14 18 19 8 17 27 28 30 35 40 5 9 10 15 16 20 23 29 36 24 7
22 4
2 1 48 47 16 11 51 50 33 28 7 10 18 45 22 21 6 5 15 14 35 34 4 49 12 13 17 46 24 19 20 23 26 37 8 9 32 29 43 44 3 52 39 42 38 25 30 31 40 41 36 27
5 17
36 37 27 28 13 14 39 40 18 19 17 20 34 33 1 2 8 7 25 32 22 15 16 21 26 31 12 11 30 29 9 6 5 4 35 38 10 41 44 43 24 23 3 42
18 4
14 11 8 1 22 21 40 39 31 24 19 20 27 26 37 36 15 16 30 25 5 2 3 4 42 43 33 38 23 32 6 7 10 9 28 29 18 41 44 17 34 35 12 13
16 5
28 29 30 27 33 34 12 13 35 40 24 25 9 6 21 22 3 4 42 1 7 8 15 14 38 37 10 11 36 39 32 41 20 31 16 19 23 26 18 17 2 5
10 10
26 15 8 1 37 36 27 40 12 11 13 10 33 34 17 24 5 2 4 3 35 32 22 19 25 16 31 38 23 18 6 7 28 39 14 9 20 21 30 29
4 6
10 9 8 7 16 15 19 18 4 5 11 12 14 17 3 6 13 20 2 1
5 16
3 4 42 41 26 7 35 2 37 36 20 19 27 28 14 13 39 38 17 18 25 10 23 22 11 12 1 40 21 24 8 9 29 30 34 33 32 31 5 6 16 15
6 16
14 15 33 34 41 38 24 23 21 20 16 19 17 18 2 1 4 3 26 27 13 12 11 10 42 5 9 30 7 6 32 31 36 35 43 44 25 22 29 28 40 39 8 37
4 25
54 55 28 1 30 29 22 23 25 24 47 48 12 13 58 51 11 10 20 21 42 41 16 17 33 34 46 45 53 56 37 38 52 57 50 49 6 7 18 19 43 44 39 40 3 26 35 36 9 8 15 14 27 2 5 4 32 31
100 1
44 35 190 189 26 25 161 160 166 167 81 90 146 113 17 18 183 182 30 31 27 32 197 196 78 73 145 116 138 117 156 157 114 115 105 104 186 187 9 8 195 200 60 57 55 54 94 93 181 180 19 20 155 154 125 124 107 108 68 67 97 98 185 184 21 22 141 140 43 36 199 198 87 86 69 70 148 147 137 136 39 38 168 175 173 174 40 37 139 142 3 4 202 1 99 106 192 191 58 59 91 96 45 46 92 95 150 151 41 42 50 51 52 53 112 109 100 103 34 33 159 158 15 16 193 194 2 201 74 75 49 62 133 132 131 130 152 153 65 66 165 164 84 85 28 29 170 169 24 23 89 88 48 47 12 11 7 14 13 10 123 120 162 163 121 122 128 129 72 79 149 188 80 71 102 101 126 127 172 171 82 83 143 144 76 77 178 179 6 5 56 61 134 135 118 119 63 64 177 176 110 111
4 25
55 54 35 36 11 12 42 41 32 27 1 2 21 20 39 38 45 44 31 28 14 13 57 58 18 37 6 5 56 53 33 24 25 26 23 34 3 4 30 29 43 46 19 22 9 8 10 7 40 17 16 15 48 47 50 49 52 51
10 8
29 30 7 26 15 12 18 17 3 36 22 23 11 10 34 31 6 35 16 19 20 21 27 28 32 33 9 8 14 13 5 4 1 2 24 25
4 15
30 31 36 37 18 19 6 3 1 2 5 4 11 8 14 13 10 9 26 29 20 21 34 25 24 17 7 12 23 22 28 27 35 38 33 32 16 15
10 10
4 3 17 18 8 9 5 2 25 26 29 28 38 37 34 33 31 12 14 13 22 21 30 15 19 20 23 24 36 39 10 11 35 32 16 27 40 7 1 6
4 14
5 6 26 27 30 29 33 2 16 17 15 24 9 10 13 14 20 19 11 4 32 25 22 23 8 7 18 21 34 35 1 36 28 31 12 3
17 2
38 1 30 29 4 7 26 27 6 5 3 12 21 20 24 25 22 15 31 32 13 28 18 19 23 14 33 34 9 8 2 37 11 10 17 16 35 36
7 14
26 27 1 7 31 8 20 34 9 19 37 11 16 30 21 39 4 5 38 6 12 2 23 17 32 36 33 10 41 13 15 24 14 3 42 40 35 25 22 28 18 29
6 16
13 18 41 40 14 15 35 2 11 12 22 23 10 9 44 1 27 28 32 31 17 16 20 21 43 42 37 36 38 39 34 33 8 7 25 24 29 30 19 26 6 5 4 3
2 5
6 5 7 8 13 12 1 2 9 4 14 3 11 10
100 1
30 173 86 117 146 57 81 122 94 109 97 106 95 108 131 72 180 23 166 37 127 76 104 99 162 41 161 42 1 202 107 96 163 40 160 43 25 178 196 7 69 134 111 92 184 19 2 201 150 53 34 169 49 154 133 70 98 105 130 73 12 191 159 44 156 47 152 51 68 135 147 56 16 187 29 174 88 115 90 113 193 10 103 100 60 143 6 197 155 48 165 38 36 167 74 129 172 31 11 192 64 139 39 164 118 85 195 8 3 200 190 13 149 54 91 112 179 24 75 128 102 101 153 50 17 186 121 82 124 79 52 151 189 14 35 168 114 89 183 20 125 78 148 55 170 33 137 66 116 87 32 171 83 120 5 198 119 84 177 26 142 61 123 80 188 15 9 194 59 144 182 21 140 63 58 145 175 28 18 185 157 46 176 27 138 65 45 158 141 62 136 67 181 22 71 132 110 93 4 199 77 126
33 3
9 12 57 58 19 26 65 4 29 30 62 63 36 39 49 50 7 8 67 68 45 44 2 71 70 69 59 56 46 43 24 23 27 52 66 3 34 33 72 1 61 14 42 47 51 48 5 6 21 22 11 10 32 41 15 18 64 13 40 35 60 55 28 31 53 54 16 17 25 20 38 37
5 19
26 21 8 7 23 24 39 36 11 10 29 30 27 6 48 43 46 45 25 22 15 20 12 13 5 32 31 28 34 35 40 33 44 47 37 38 19 16 4 1 14 9 42 41 3 2 18 17
3 25
40 39 14 15 51 50 23 20 8 7 16 35 6 3 55 2 9 10 11 36 49 52 45 44 53 54 27 26 12 13 56 1 24 25 21 22 17 34 42 43 37 38 48 47 32 33 30 31 46 41 28 29 4 5 18 19
14 7
3 6 10 37 12 11 5 4 41 42 28 29 19 24 38 9 1 2 40 7 21 22 32 33 14 13 8 39 18 25 16 17 27 36 34 31 23 20 30 35 15 26
4 25
44 45 43 42 22 23 32 21 31 28 37 20 47 46 3 52 34 33 15 48 9 10 29 30 51 6 2 57 55 56 19 18 38 41 5 4 25 26 35 36 27 24 54 53 49 50 17 16 11 12 1 58 39 40 7 8 14 13
3 16
1 2 28 25 35 34 11 14 36 33 37 38 31 8 12 13 10 9 5 6 20 21 32 7 4 3 16 15 22 17 30 23 27 26 18 19 24 29
7 14
32 31 10 13 11 12 36 35 14 17 29 6 2 39 22 21 18 9 41 40 42 1 27 8 5 30 24 19 28 7 37 34 33 4 3 38 23 20 25 26 16 15
4 25
10 9 13 12 55 56 21 38 3 2 6 7 57 8 22 23 39 40 31 30 41 42 51 52 44 45 50 49 15 18 19 20 37 34 4 5 26 27 11 14 29 28 48 47 24 25 54 53 36 35 43 46 17 16 33 32 1 58
16 6
27 26 15 14 33 34 9 10 11 4 23 20 40 41 39 12 38 37 44 3 30 19 7 8 22 21 1 2 17 16 32 31 42 43 13 18 28 29 5 6 36 35 24 25
6 14
13 32 3 4 28 29 11 12 26 25 19 18 39 38 31 20 6 1 10 7 17 16 30 27 33 36 15 14 8 9 21 22 37 40 24 23 34 35 5 2
3 14
30 29 23 22 34 1 4 21 25 26 2 33 8 7 14 13 9 10 17 18 6 5 19 20 27 28 32 31 16 15 12 11 3 24
31 3
35 34 40 33 13 14 66 67 36 37 31 32 39 38 49 26 23 24 62 63 51 52 41 42 64 5 60 7 55 54 61 6 47 46 48 27 68 1 11 10 59 12 28 43 58 17 25 50 53 56 57 18 3 2 44 45 30 29 21 22 16 15 65 4 20 19 8 9
4 14
10 11 28 27 5 4 21 22 31 34 35 30 14 15 20 19 17 2 7 6 25 26 23 24 33 32 1 18 9 8 36 29 3 16 13 12
6 12
28 21 32 5 8 17 23 26 2 35 19 30 1 36 29 20 25 24 33 4 9 16 7 18 11 14 31 6 15 10 3 34 27 22 13 12
10 3
17 24 2 25 6 3 8 7 21 22 18 23 10 9 14 15 16 13 19 20 12 11 4 5 26 1
3 33
9 58 40 41 44 19 18 49 66 1 55 12 14 17 56 11 51 52 33 42 70 71 32 43 2 3 38 37 22 29 34 39 24 23 13 54 20 21 60 63 59 8 5 64 30 31 46 45 4 65 36 35 6 7 72 69 61 62 67 68 28 25 27 26 48 47 15 16 10 57 53 50
20 5
21 36 11 18 26 27 12 17 34 35 10 43 19 40 47 48 16 15 25 28 41 42 37 20 29 24 6 5 7 8 38 39 14 13 50 9 1 4 31 32 30 33 23 22 3 2 49 44 46 45
3 32
59 14 7 60 38 37 47 46 69 68 44 23 25 24 67 70 50 49 58 57 66 1 11 12 61 64 29 32 42 27 10 13 3 2 28 41 18 15 16 17 62 63 22 21 56 53 54 55 45 20 65 6 52 19 35 34 4 5 30 31 39 40 51 48 26 43 8 9 33 36
20 4
12 13 44 41 30 27 39 38 29 28 31 6 23 22 42 43 14 11 7 10 35 34 19 26 16 17 46 3 40 37 32 5 45 4 33 36 21 24 15 18 25 20 1 48 2 47 9 8
3 33
43 44 63 64 61 60 59 10 55 56 66 67 21 22 54 53 29 28 71 70 5 8 58 13 35 34 51 52 50 49 17 16 26 25 45 46 15 18 3 2 1 72 9 62 20 19 27 42 47 48 6 7 24 23 36 37 40 39 14 57 65 4 12 11 38 31 41 30 68 69 33 32
2 50
65 64 15 14 103 100 54 55 45 46 82 81 101 102 10 99 33 32 86 83 40 39 43 44 35 36 78 79 87 90 61 60 37 34 17 18 21 22 56 51 6 5 49 48 3 104 42 41 58 59 28 27 47 50 77 76 97 98 30 29 69 80 4 7 63 68 31 38 11 24 74 73 20 19 62 57 96 95 9 8 71 70 72 75 52 53 12 13 66 67 88 89 23 16 1 2 93 92 84 85 91 94 26 25
16 6
4 3 12 11 8 37 28 29 27 26 13 14 6 7 9 10 42 43 38 39 22 23 40 41 2 5 44 1 19 18 36 15 31 30 34 33 25 20 35 32 21 24 17 16
2 20
36 11 18 17 21 20 38 39 8 7 6 5 13 12 33 32 34 35 1 44 43 2 10 9 31 30 25 26 19 16 4 3 37 40 24 23 15 28 22 27 42 41 29 14
6 2
10 13 5 4 3 2 8 7 1 16 11 12 9 6 15 14
1 100
33 36 163 168 106 19 109 110 1 188 182 181 146 145 56 55 131 124 49 66 102 101 121 122 41 40 141 138 142 137 132 119 201 200 29 28 144 143 165 166 81 76 9 8 107 108 123 120 65 64 93 94 16 15 80 79 160 161 92 95 150 149 173 172 50 53 18 17 199 202 77 78 89 90 39 38 52 51 34 35 30 27 176 177 91 88 186 187 57 60 184 185 100 99 97 96 170 169 11 4 126 125 197 198 59 58 111 112 114 115 26 31 12 13 43 42 130 129 116 117 154 155 72 71 73 70 45 46 83 82 195 194 7 10 157 162 133 134 85 84 54 63 167 164 62 61 175 178 25 24 128 127 148 147 104 103 98 105 22 23 179 2 159 158 136 135 189 190 153 156 87 86 191 196 69 44 21 20 48 47 118 113 5 6 193 192 37 32 152 151 3 14 67 68 180 183 74 75 174 171 140 139
6 13
6 7 10 11 20 21 29 30 24 25 31 32 3 2 35 36 15 14 38 1 28 23 19 18 33 34 4 37 27 26 17 16 22 9 12 13 8 5
2 7
2 3 1 4 5 6 17 18 7 14 15 16 9 8 13 12 10 11
4 10
12 13 1 28 16 21 5 4 27 26 23 24 22 3 15 14 17 18 20 19 10 11 9 8 2 25 6 7
19 3
5 4 25 18 23 24 28 17 22 19 30 31 27 26 8 9 14 13 42 41 20 21 32 29 40 3 15 16 33 34 35 6 11 12 37 36 10 7 38 39 43 2 1 44
16 6
26 27 39 40 34 35 19 20 28 37 29 36 31 30 43 42 22 23 41 38 13 12 1 44 8 3 10 9 33 32 25 24 18 21 16 15 6 7 11 2 17 14 4 5
10 10
39 4 12 13 22 25 10 9 19 20 24 23 31 34 33 32 35 36 28 29 5 6 16 17 8 7 3 40 14 11 18 21 2 1 38 15 30 27 26 37
3 29
35 34 3 6 10 11 53 54 45 46 19 40 57 2 7 56 17 18 50 51 43 42 14 15 39 38 9 52 4 5 59 62 12 13 37 20 22 23 24 21 48 49 63 64 32 29 30 31 47 16 44 41 27 28 1 58 60 61 8 55 36 33 26 25
25 4
14 13 31 32 17 16 49 58 30 33 52 57 8 7 47 26 24 25 10 9 3 4 2 1 18 23 27 34 50 51 43 46 44 45 20 19 56 53 38 37 41 40 22 21 39 36 42 35 15 48 29 28 55 54 11 12 5 6
3 33
72 1 54 55 63 4 32 35 50 51 12 13 28 27 34 33 5 6 64 65 40 41 8 7 18 17 71 66 58 59 30 43 2 3 46 45 11 60 62 61 49 48 53 52 39 38 22 23 21 24 29 44 15 14 47 20 25 26 57 56 31 42 70 67 36 37 10 9 19 16 69 68
1 7
8 5 9 10 6 7 3 4 12 13 2 1 15 16 11 14
7 3
6 5 3 20 7 10 18 15 16 17 9 8 1 2 19 12 13 14 11 4
14 7
27 22 17 18 11 30 1 2 13 12 21 16 7 42 5 6 37 38 19 20 41 36 29 28 9 8 3 4 25 26 35 34 33 32 23 24 10 31 39 40 15 14
5 1
11 2 6 7 3 4 12 1 10 5 8 9
6 12
33 34 7 8 4 1 9 10 36 35 3 2 19 18 29 22 16 15 24 23 13 14 30 5 6 21 27 28 11 20 31 32 12 17 25 26
6 7
23 20 17 12 14 15 19 10 1 8 5 4 25 26 2 7 24 9 13 16 21 22 6 3 18 11
4 18
24 25 44 9 38 39 12 23 16 13 3 2 10 43 32 33 1 4 22 21 7 8 26 31 18 19 11 40 42 41 35 36 29 30 5 6 17 20 15 14 34 37 27 28
16 6
13 14 25 22 15 16 35 34 41 42 37 36 4 1 12 11 23 24 27 28 2 3 20 19 39 38 5 6 21 26 17 18 33 40 29 30 43 8 32 31 7 44 9 10
5 20
34 35 10 7 50 1 9 8 40 41 3 48 38 43 21 20 49 2 25 44 28 29 22 19 14 15 36 33 11 6 24 45 26 31 46 5 39 42 37 32 13 16 18 23 47 4 27 30 12 17
4 10
7 8 5 4 20 21 22 27 13 12 23 26 25 24 1 28 11 10 6 19 14 17 9 18 16 15 3 2
2 6
4 3 9 10 7 2 14 13 16 1 11 8 5 6 15 12
5 20
15 14 20 21 25 24 23 22 40 7 17 10 45 46 50 1 3 2 36 37 35 34 32 33 9 8 19 26 43 42 4 5 38 39 49 44 18 29 47 48 28 27 16 13 41 6 30 31 12 11
30 3
6 9 36 37 44 27 34 33 21 46 51 50 3 4 66 5 58 11 60 61 16 17 55 54 59 10 12 13 47 48 38 35 26 25 65 64 20 19 41 40 2 1 62 63 32 31 42 39 53 52 14 15 56 57 30 43 18 49 8 7 24 23 45 22 29 28
4 25
8 7 22 39 23 36 18 19 35 32 17 16 41 40 55 54 20 21 44 45 12 13 27 26 1 2 50 49 46 47 38 37 56 53 30 29 10 43 51 52 9 48 3 6 25 24 14 15 11 42 33 34 31 28 4 5 58 57
6 16
24 21 34 31 22 23 17 8 26 19 11 14 9 16 28 37 27 38 41 4 36 29 30 35 2 43 32 33 25 20 44 1 10 15 7 18 40 5 39 6 13 12 3 42
7 14
26 31 16 17 9 4 35 2 29 28 36 1 25 24 38 41 13 12 42 37 34 3 5 8 39 40 33 32 30 27 21 20 22 23 6 7 11 14 19 18 10 15
5 20
18 11 33 34 36 39 9 42 19 32 20 31 48 1 15 12 3 8 5 6 23 24 49 50 28 29 22 25 26 21 46 45 27 30 17 16 44 47 41 10 13 14 7 4 38 37 40 35 43 2
3 33
64 61 52 11 20 19 47 46 65 66 54 53 44 43 72 3 4 5 18 21 35 38 2 1 24 25 28 29 58 55 22 23 63 62 13 12 33 32 14 15 31 30 37 36 68 67 6 71 56 57 8 7 34 41 50 51 69 70 60 59 16 17 10 9 39 40 26 27 42 45 49 48
25 4
42 41 52 51 9 10 39 24 16 17 4 3 18 21 53 8 32 31 12 11 20 19 37 38 27 28 46 45 47 44 56 1 13 50 55 54 40 23 36 35 26 29 2 5 48 15 7 6 33 34 25 30 57 58 43 22 49 14
5 12
7 12 4 5 14 13 15 20 16 17 11 8 21 6 29 28 3 2 32 33 34 23 10 9 26 27 18 19 25 24 1 22 30 31
10 10
37 4 20 21 19 22 17 24 29 12 18 23 15 26 11 30 39 2 27 14 31 10 28 13 25 16 33 8 38 3 40 1 9 32 5 36 34 7 6 35
1 43
35 54 71 72 24 63 85 86 9 80 74 13 25 26 11 76 8 81 44 43 32 57 65 22 36 37 79 78 33 34 28 59 15 14 31 30 75 12 83 4 42 47 73 16 61 62 64 23 41 50 56 55 2 87 18 17 82 5 77 10 84 3 68 19 66 21 46 45 38 53 20 67 29 58 1 88 48 49 7 6 70 69 27 60 40 39 52 51
5 18
30 27 28 29 3 4 13 22 37 38 44 43 8 9 42 45 26 25 2 1 17 16 39 36 11 10 32 33 20 21 40 35 6 5 19 18 7 34 15 14 46 41 12 31 23 24
25 4
40 39 29 30 12 17 36 35 27 28 7 8 6 5 21 42 18 47 9 10 20 19 46 43 34 31 4 3 45 44 13 14 48 49 32 33 24 25 26 23 16 15 38 37 50 51 22 41 1 2 52 53 57 58 54 55 11 56
33 3
63 64 19 18 9 12 6 7 1 2 51 52 20 21 26 25 66 13 49 30 39 40 4 5 68 69 36 35 48 47 32 45 56 55 61 60 15 14 27 28 50 29 58 59 23 22 38 33 62 65 67 8 42 41 54 53 72 71 34 37 10 11 3 70 43 44 24 57 31 46 16 17
33 3
56 51 25 24 67 68 13 8 17 16 18 21 52 55 43 42 71 70 66 7 53 54 28 29 5 72 69 6 22 59 35 36 20 19 50 23 12 11 46 31 65 14 37 34 64 63 32 33 2 1 62 61 41 40 58 57 60 15 45 44 26 47 9 10 39 38 4 3 49 48 27 30
9 10
26 25 14 15 32 21 37 38 12 11 5 6 7 8 17 18 29 24 13 10 20 9 30 31 19 16 36 1 27 28 3 2 34 33 35 4 22 23
5 20
43 44 40 47 29 28 36 37 17 30 38 39 31 32 49 48 11 12 26 23 22 27 19 18 7 8 34 35 24 25 14 13 10 9 41 42 2 1 6 5 21 20 45 46 50 3 4 33 15 16
5 20
47 48 32 33 4 31 10 5 6 7 42 43 26 13 18 19 15 16 50 49 27 30 12 11 9 8 21 20 25 24 41 40 1 2 34 37 3 38 39 46 22 23 14 17 45 44 36 35 28 29
10 10
15 18 12 13 35 32 1 8 29 20 28 23 26 27 40 31 39 36 9 30 7 4 17 16 6 5 25 24 2 3 34 33 21 22 37 38 19 10 11 14
6 5
7 10 11 14 5 6 4 3 1 2 22 21 18 17 13 12 20 19 9 8 16 15
14 7
26 27 37 36 8 9 3 4 1 2 6 7 19 18 15 12 24 25 22 23 33 34 13 14 41 42 29 32 16 17 39 38 11 10 40 5 20 21 28 35 31 30
3 33
24 25 12 9 47 46 50 49 69 70 38 39 63 64 52 53 62 61 45 42 57 18 17 14 51 54 30 29 67 6 2 3 32 33 56 55 34 41 40 37 11 10 21 22 68 1 58 59 66 65 16 15 43 44 36 35 71 72 7 8 28 31 4 5 23 26 13 60 19 20 48 27
4 23
14 11 41 40 42 39 44 45 5 4 24 23 30 27 1 26 16 17 22 19 9 8 33 32 53 48 7 10 43 46 47 54 28 29 36 37 49 52 31 34 12 13 21 20 6 3 2 25 38 35 18 15 51 50
1 75
15 136 109 110 90 91 94 59 142 143 16 135 122 31 79 72 117 116 148 149 115 38 129 130 47 106 127 26 21 20 58 57 92 93 42 111 89 62 133 132 86 67 78 75 139 138 108 43 44 45 121 120 88 65 54 53 13 140 98 55 32 119 52 101 123 30 28 27 25 24 50 51 71 80 39 40 146 147 81 82 102 103 112 41 141 10 23 128 113 114 1 150 8 9 124 29 126 125 60 61 7 144 2 3 56 95 74 73 69 68 77 76 145 6 17 134 18 19 137 14 96 97 36 37 85 84 100 99 35 118 70 83 12 11 49 48 63 64 105 104 151 152 131 22 33 34 4 5 66 87 46 107
6 3
17 16 13 12 7 6 14 11 8 1 15 18 4 3 10 9 5 2
6 16
5 18 14 15 31 32 42 35 27 28 38 39 25 26 12 13 30 29 7 6 43 34 16 17 36 41 33 44 9 8 11 10 22 1 2 21 37 40 19 4 24 23 20 3
99 1
21 20 16 17 107 106 141 58 47 152 200 199 89 112 104 103 173 174 95 94 191 192 3 198 172 31 83 82 124 75 74 125 105 96 111 110 28 175 148 51 34 33 145 144 116 117 164 37 38 39 178 25 52 53 84 115 10 9 165 36 119 118 27 176 11 190 45 44 136 137 32 169 67 68 57 56 7 8 185 184 49 50 73 126 54 55 157 156 66 135 71 72 177 26 43 42 87 114 40 41 64 65 102 101 98 97 121 78 99 100 79 120 24 23 108 93 19 182 196 195 159 158 162 163 70 129 15 14 193 194 48 151 5 4 166 35 161 160 171 170 86 85 140 59 88 113 131 130 183 18 149 150 91 92 13 12 147 146 134 133 128 127 109 90 154 153 143 142 139 138 179 22 122 77 167 168 80 81 2 1 123 76 186 187 181 180 6 197 132 69 60 61 155 46 63 62 188 189 29 30
9 6
16 19 5 4 29 28 27 26 3 30 10 11 2 1 23 22 18 17 12 13 6 7 14 15 9 8 24 25 20 21
3 3
5 10 4 11 6 9 8 7 2 3 12 1
44 2
51 50 24 23 25 66 17 78 59 58 21 20 55 54 68 67 87 6 8 9 43 42 91 2 46 45 5 4 29 28 80 79 40 39 14 81 7 86 72 71 65 64 27 26 77 18 47 48 41 52 90 3 89 88 32 31 12 11 35 36 75 76 16 15 13 82 92 1 74 19 53 56 61 62 85 10 44 49 37 38 73 70 34 33 22 69 63 30 57 60 83 84
14 7
34 31 15 14 4 7 11 12 5 6 22 29 20 21 17 16 23 28 1 40 18 35 42 41 26 25 27 24 36 37 10 13 8 9 39 2 19 30 38 3 33 32
3 31
14 15 46 47 45 44 43 28 3 4 37 36 53 52 29 30 55 56 48 17 63 62 51 16 39 40 66 65 49 50 59 60 10 9 7 8 5 6 19 18 41 42 35 38 1 2 58 57 68 67 32 31 25 24 12 11 13 54 20 21 27 26 61 64 33 34 22 23
5 20
42 1 3 8 33 34 6 5 31 30 4 7 37 14 36 35 21 22 10 9 48 47 45 44 28 27 17 18 41 40 20 23 24 15 26 25 43 50 12 13 49 46 11 38 16 19 2 39 29 32
97 1
36 35 24 23 16 19 181 178 113 112 108 109 49 48 153 154 194 191 41 190 115 114 127 128 55 54 57 56 38 1 20 21 84 83 65 66 133 134 175 176 32 37 42 43 73 72 177 174 124 111 10 7 71 74 92 95 118 119 15 14 102 103 79 80 160 161 4 5 6 11 100 99 28 29 147 148 137 136 52 51 18 17 96 97 165 164 193 192 138 143 22 27 104 105 75 76 77 78 63 62 89 90 47 50 169 170 9 8 150 149 13 12 129 130 106 107 98 101 132 131 157 156 34 33 60 61 123 122 116 117 68 67 182 183 69 64 93 94 172 173 46 53 139 140 142 141 171 168 31 30 58 59 187 188 70 85 184 185 120 121 189 186 126 125 155 146 162 163 180 179 145 144 135 110 159 158 195 196 2 3 152 151 44 45 26 25 167 166 40 39 91 86 87 88 81 82
10 5
25 22 23 24 13 10 12 11 29 28 15 14 2 27 20 19 4 3 21 26 6 7 8 5 16 17 30 1 9 18
3 32
39 40 32 33 4 3 36 35 37 28 44 45 50 51 34 31 25 24 42 43 19 18 9 12 29 30 62 63 15 14 17 48 16 49 41 38 68 67 46 23 20 47 61 64 58 59 10 11 60 5 1 70 13 52 69 66 26 27 54 53 22 21 57 8 65 2 56 55 6 7
31 1
38 33 49 50 36 35 31 32 28 29 19 20 48 23 7 62 44 43 3 4 64 63 11 12 60 61 56 13 17 18 54 53 8 9 27 30 10 59 45 26 15 14 58 57 40 39 41 42 22 21 25 24 46 47 52 51 1 2 16 55 37 34 5 6
33 3
58 57 31 32 64 13 41 40 45 44 15 18 62 63 59 22 54 53 51 52 35 38 2 71 66 67 47 50 72 1 7 6 23 24 11 10 56 25 14 19 42 39 28 55 8 9 5 4 17 16 60 61 43 30 21 20 65 12 33 34 69 68 37 36 70 3 48 49 46 29 27 26
10 9
38 9 20 23 4 1 2 3 13 12 28 27 33 36 5 6 18 17 34 35 7 8 15 14 37 32 25 24 19 26 11 10 29 16 30 31 22 21
7 10
18 17 29 28 1 34 27 20 2 3 14 13 24 25 12 19 21 22 33 4 11 10 8 7 26 23 9 30 16 15 5 6 31 32
4 21
40 11 10 41 25 26 24 29 43 44 30 21 47 8 4 5 9 46 34 37 23 22 13 32 19 20 38 39 42 45 18 17 1 48 50 49 36 35 27 28 2 3 16 15 33 12 31 14 7 6
16 6
25 32 18 39 5 8 13 44 3 10 11 2 43 14 4 9 1 12 17 40 31 26 22 35 42 15 37 20 7 6 23 34 21 36 28 29 41 16 38 19 30 27 24 33
18 5
20 19 28 29 31 32 13 36 8 9 5 4 3 6 27 26 18 21 38 39 45 46 44 43 10 11 16 35 34 33 22 25 23 24 40 7 17 30 41 42 1 2 14 15 12 37
3 10
7 8 24 21 17 18 10 11 2 1 19 14 12 9 26 3 23 22 25 6 16 15 13 20 4 5
7 14
42 41 26 25 16 19 34 9 15 20 30 33 22 23 14 21 1 40 18 17 35 36 28 11 32 31 5 4 13 24 10 29 8 37 38 39 6 7 3 2 27 12
7 7
1 6 23 22 20 15 13 10 17 16 12 11 3 4 24 25 26 9 7 28 14 21 19 18 2 5 27 8
7 14
10 21 39 38 27 26 14 15 17 18 11 20 41 42 12 13 36 33 31 32 2 29 25 24 3 4 37 30 8 7 6 9 19 16 28 5 1 40 35 34 23 22
33 3
14 59 26 23 17 56 12 11 9 4 61 10 40 39 58 15 45 36 5 6 67 68 69 70 38 41 30 49 37 42 7 8 24 25 46 33 54 53 48 31 29 50 1 72 43 44 2 71 52 55 62 63 16 57 47 32 3 64 27 18 51 28 60 13 21 20 35 34 19 22 65 66
4 24
52 55 28 31 2 1 35 36 56 47 3 4 9 8 29 30 44 45 39 38 41 40 23 22 19 14 49 50 43 34 51 48 5 24 37 42 16 15 6 7 53 54 26 25 17 18 10 13 11 12 46 27 32 33 21 20
10 4
10 11 9 12 22 21 27 28 15 18 14 13 16 17 4 3 24 23 20 25 5 2 7 26 6 1 19 8
