100
1 1
1 4 3 2
1 3
1 8 2 7 3 4 5 6
2 2
8 1 4 5 2 3 7 6
1 1
1 3 2 4
8 2
7 16 17 18 14 9 10 13 6 3 15 8 5 4 1 20 11 12 19 2
1 15
10 9 28 27 7 26 18 19 6 5 17 14 15 16 8 25 21 20 23 24 31 2 4 3 13 12 29 30 22 11 1 32
4 2
2 5 7 6 3 4 11 10 9 8 12 1
3 5
8 3 1 10 11 16 2 9 4 7 5 6 14 13 12 15
2 4
10 11 2 1 5 6 3 4 12 9 8 7
4 4
14 1 7 6 9 8 13 12 4 5 15 16 11 10 2 3
2 8
4 1 19 18 10 9 7 12 6 13 17 20 8 11 5 14 3 2 15 16
8 2
19 20 7 16 5 18 11 10 12 9 1 4 15 8 2 3 14 13 6 17
8 2
5 18 12 13 8 15 6 17 7 16 1 20 10 9 19 2 4 3 11 14
2 1
2 1 4 5 6 3
2 8
14 11 10 7 3 16 20 19 12 13 6 5 4 15 17 2 1 18 8 9
1 16
31 32 33 34 3 30 17 16 21 20 19 18 27 26 13 12 4 5 6 29 28 7 15 14 22 23 2 1 11 10 24 25 9 8
1 11
6 17 8 7 11 10 22 21 14 15 3 20 13 12 19 18 5 4 9 16 24 1 23 2
3 5
15 12 4 3 10 9 13 14 8 7 6 5 11 2 16 1
1 4
9 8 2 3 5 6 4 7 10 1
4 2
8 5 3 10 12 1 6 7 4 9 2 11
2 8
7 10 20 1 15 4 14 5 8 9 18 17 13 6 19 2 3 16 11 12
8 2
18 5 10 11 12 9 15 14 4 19 8 7 2 1 20 3 6 17 13 16
2 2
1 4 5 8 7 6 2 3
1 14
20 19 5 28 1 4 17 18 15 16 21 22 8 27 12 13 3 2 30 29 6 7 11 10 14 9 26 23 24 25
8 2
5 18 3 4 19 2 8 15 17 6 13 12 10 9 16 7 11 14 1 20
4 4
13 4 9 8 1 16 3 14 15 2 6 11 10 7 5 12
3 3
3 4 2 5 7 12 10 9 1 6 8 11
4 2
8 5 3 2 10 4 9 11 7 6 1 12
10 1
1 14 6 20 10 18 7 22 3 8 17 9 11 13 4 16 2 12 5 19 21 15
4 4
13 12 6 5 2 3 16 15 9 14 8 7 10 11 1 4
8 1
2 1 8 9 18 17 4 5 16 3 14 13 6 15 11 10 12 7
5 3
5 4 12 11 6 7 16 1 15 14 3 2 8 9 13 10
2 4
11 10 6 7 2 3 4 9 5 8 12 1
1 2
3 6 4 5 1 2
2 3
8 9 6 5 10 1 3 4 2 7
1 11
8 15 6 17 16 7 10 9 22 1 5 18 19 20 4 21 3 2 11 12 24 23 13 14
1 1
3 2 1 4
5 1
6 5 2 3 1 4 8 9 7 10 12 11
2 8
9 10 7 6 13 14 16 1 2 3 8 11 15 12 18 19 4 5 17 20
16 1
24 11 29 6 14 21 8 27 28 7 23 12 10 25 4 31 20 15 5 30 33 2 3 32 26 9 16 19 18 17 34 1 13 22
3 2
1 10 5 6 7 8 3 2 9 4
8 2
15 8 11 12 17 20 6 5 4 1 19 18 10 13 9 14 16 7 3 2
4 2
8 9 12 11 1 2 4 5 10 7 3 6
2 4
5 8 9 4 1 12 2 11 3 10 6 7
2 1
5 2 1 3 4 6
8 2
3 18 10 11 8 13 14 7 17 4 12 9 15 6 1 20 5 16 19 2
2 4
7 6 9 10 2 3 8 1 12 11 5 4
8 1
17 18 1 2 14 13 12 11 5 4 7 8 3 16 10 9 6 15
3 1
6 5 2 3 4 7 8 1
4 1
9 8 2 3 5 4 6 7 10 1
1 3
6 1 8 7 3 4 2 5
2 3
6 5 10 1 7 4 2 9 8 3
3 1
2 7 4 5 8 1 3 6
4 4
7 8 11 10 15 16 4 3 1 6 2 5 12 13 9 14
8 1
3 2 6 9 16 5 15 14 12 11 1 18 13 10 8 7 17 4
4 3
11 7 12 2 3 5 4 9 10 1 6 13 8 14
16 1
10 25 18 19 4 33 31 32 15 22 3 34 28 27 29 8 11 24 7 30 16 17 9 26 23 14 1 2 20 21 13 12 5 6
1 8
17 18 16 1 6 11 12 5 8 9 2 15 13 4 14 3 10 7
4 3
13 14 3 2 6 1 11 12 7 8 9 10 4 5
1 11
15 14 24 1 23 2 13 12 5 18 17 16 8 9 22 21 11 10 6 7 3 20 4 19
1 8
15 16 13 12 7 10 5 4 18 1 17 2 14 3 6 11 9 8
2 8
20 1 16 17 5 14 19 2 9 10 11 8 12 7 6 13 4 3 18 15
1 4
8 7 2 1 10 3 6 9 5 4
4 2
12 11 6 7 5 8 10 1 4 9 3 2
4 1
3 10 7 6 2 1 4 9 5 8
4 1
6 7 5 4 8 9 10 1 2 3
2 2
7 8 2 1 5 4 3 6
2 8
8 9 17 18 10 7 14 5 19 2 16 3 13 6 20 1 12 11 4 15
3 5
16 15 5 10 11 14 2 1 8 9 3 4 12 13 6 7
8 2
18 5 3 20 12 13 4 19 16 15 6 17 11 14 1 2 8 9 10 7
16 1
31 6 30 7 26 11 32 3 27 10 5 4 28 9 29 8 18 17 24 13 22 23 19 20 34 33 25 12 14 21 2 1 15 16
2 8
8 5 3 16 2 17 20 19 1 18 13 14 7 6 4 15 10 11 9 12
3 5
9 10 4 7 5 6 15 2 8 3 14 13 11 12 16 1
2 4
7 6 1 12 5 4 9 10 8 11 3 2
2 3
8 7 6 9 2 1 10 5 3 4
2 4
8 9 11 12 2 3 1 4 5 10 6 7
4 1
3 2 4 9 7 6 10 1 5 8
2 8
20 17 10 11 8 7 1 2 6 13 5 14 12 9 18 19 3 16 4 15
4 2
4 1 10 7 11 6 8 9 2 3 5 12
16 1
29 30 34 3 19 24 28 27 21 20 13 14 7 6 1 2 31 32 16 17 4 5 25 26 8 9 11 12 18 15 22 23 33 10
4 1
2 1 8 7 9 10 4 3 6 5
1 1
3 2 4 1
2 4
9 8 2 7 12 1 5 4 6 3 11 10
1 3
6 7 5 4 3 2 1 8
8 2
20 19 14 13 4 1 17 6 5 18 15 8 10 11 2 3 7 16 12 9
8 2
10 7 13 12 11 14 1 2 20 3 8 9 4 19 17 6 16 15 5 18
2 8
18 19 11 10 13 6 1 2 9 12 3 16 7 8 15 4 17 20 5 14
3 2
1 2 6 5 8 7 10 9 4 3
2 3
7 6 9 10 3 2 5 8 1 4
3 2
6 1 3 2 10 9 8 7 4 5
1 4
6 7 2 3 4 5 9 8 10 1
2 8
19 18 12 11 15 6 8 9 20 1 3 16 5 4 10 13 2 17 7 14
5 1
12 1 5 11 8 3 10 7 2 9 6 4
8 1
15 12 13 14 18 3 8 9 1 2 17 6 10 11 5 4 16 7
1 6
11 10 9 6 2 3 13 12 14 1 4 5 8 7
2 4
11 10 8 9 6 5 3 4 12 1 7 2
2 8
5 6 20 19 11 12 3 4 10 9 1 2 8 7 15 16 14 13 17 18
2 8
9 8 16 17 20 19 11 10 12 7 18 1 3 2 15 4 14 5 6 13
2 8
2 1 18 19 10 11 6 13 14 5 4 15 20 17 9 12 16 3 8 7
3 4
8 9 5 4 13 12 2 3 7 6 14 1 10 11
