100
1 1
1 4 3 2
1 3
1 8 2 7 3 4 5 6
2 2
8 1 4 5 2 3 7 6
1 1
1 3 2 4
1 8
7 10 6 11 3 14 1 16 4 13 18 17 12 5 2 15 9 8
8 2
19 20 13 14 2 3 4 1 8 15 16 7 5 18 17 6 9 12 11 10
2 1
4 5 6 3 1 2
4 2
1 2 6 7 4 3 10 11 12 9 5 8
4 4
1 16 10 7 4 13 5 12 11 6 9 8 2 15 14 3
1 12
10 9 18 19 12 13 14 15 20 7 23 24 16 11 22 3 26 25 6 21 17 8 2 1 4 5
14 1
12 25 27 28 26 5 6 7 8 11 29 30 4 3 22 21 17 18 9 10 14 13 16 15 24 23 2 1 19 20
4 3
5 6 3 4 10 11 9 14 8 7 2 1 12 13
16 1
20 15 12 13 4 31 5 30 19 18 7 6 21 14 1 34 17 16 32 33 3 2 28 29 23 22 24 11 8 9 25 26 27 10
2 4
8 11 9 10 12 1 5 6 2 3 7 4
4 4
16 1 12 13 8 9 10 11 14 3 5 4 7 6 15 2
4 2
10 5 8 9 2 11 6 7 12 1 4 3
2 8
18 19 11 10 13 6 1 2 9 12 3 16 7 8 15 4 17 20 5 14
8 2
6 5 12 11 8 15 20 17 3 2 1 4 9 14 19 18 7 16 13 10
3 1
2 1 7 8 3 4 6 5
2 3
4 3 8 9 2 5 7 6 10 1
2 8
5 14 9 10 4 1 11 8 2 3 17 20 19 18 13 6 15 16 7 12
2 8
17 2 3 16 13 14 15 4 10 11 20 19 12 9 6 7 5 8 18 1
2 1
5 4 3 6 1 2
13 1
7 8 9 10 5 6 1 2 15 12 23 24 19 20 17 16 21 22 13 14 27 28 25 26 4 3 18 11
2 2
7 4 2 1 8 3 5 6
2 8
6 7 1 2 12 11 14 15 5 8 17 18 19 20 13 16 3 4 9 10
2 4
2 1 9 10 6 3 8 7 5 4 12 11
2 4
5 8 4 3 12 1 7 6 9 10 11 2
4 2
1 2 12 11 5 4 6 9 10 3 8 7
4 2
1 10 6 7 4 5 12 11 2 3 8 9
4 1
7 8 9 10 1 2 4 3 6 5
1 1
2 3 1 4
4 1
7 6 2 1 4 9 5 8 3 10
3 2
6 9 10 5 7 8 4 1 3 2
1 3
4 5 6 3 2 7 1 8
8 2
7 16 14 11 15 8 5 18 3 4 13 12 6 17 1 20 9 10 2 19
4 4
10 11 12 9 4 3 16 1 15 14 13 8 5 6 7 2
4 4
14 15 13 12 4 5 11 16 3 8 9 10 1 2 6 7
8 2
11 10 18 17 12 13 5 6 14 9 20 1 19 4 16 15 2 3 7 8
3 2
7 8 4 5 3 10 6 9 2 1
3 5
4 9 11 12 1 2 14 13 16 15 7 6 10 3 8 5
2 8
10 7 1 20 8 9 18 17 14 5 15 4 3 16 6 13 2 19 12 11
4 3
9 13 5 6 1 7 2 11 14 3 12 10 8 4
1 1
3 4 2 1
4 3
8 11 5 2 12 13 1 14 10 9 3 4 7 6
2 8
1 2 15 4 3 16 14 5 11 10 19 18 17 20 6 13 9 12 8 7
8 2
1 4 20 19 9 12 8 15 7 16 18 5 17 6 10 11 14 13 3 2
1 16
20 19 5 2 25 24 31 30 7 6 33 32 4 3 34 1 14 13 11 8 16 15 9 10 22 23 27 26 17 12 18 21 29 28
8 2
8 17 13 12 7 18 11 10 19 20 1 4 14 9 2 3 6 5 15 16
3 2
1 6 5 7 3 4 10 2 9 8
2 1
2 1 3 4 6 5
2 8
15 4 13 6 1 2 3 16 8 7 12 9 10 11 20 17 19 18 5 14
4 1
1 10 8 5 7 6 3 2 4 9
8 2
14 11 9 8 13 12 17 6 3 20 5 18 16 15 2 1 10 7 19 4
5 3
4 3 10 11 5 6 14 9 16 15 13 12 1 2 8 7
2 8
16 17 10 9 2 19 20 1 14 5 11 8 18 15 6 13 12 7 3 4
8 1
10 9 7 8 18 3 13 6 4 17 15 16 11 12 5 14 1 2
3 5
11 10 3 2 16 1 8 9 5 4 6 7 12 13 15 14
4 2
8 5 12 1 6 7 4 9 10 3 11 2
4 2
12 1 11 10 4 3 9 8 2 5 7 6
3 2
6 5 1 8 3 4 7 2 9 10
8 2
10 11 19 18 3 2 6 17 4 5 13 12 1 20 14 15 9 8 16 7
8 2
8 15 5 4 18 17 7 16 3 6 1 20 9 14 13 10 19 2 11 12
2 8
7 10 3 16 14 5 1 20 2 19 11 12 9 8 18 17 6 13 15 4
2 4
6 3 5 4 7 2 8 1 12 9 11 10
4 3
3 2 5 4 12 13 11 10 14 1 6 9 8 7
1 5
6 7 9 2 4 5 3 8 11 12 10 1
8 2
18 5 3 20 12 13 4 19 16 15 6 17 11 14 1 2 8 9 10 7
16 1
16 19 31 4 17 18 32 3 20 15 33 2 13 22 23 12 10 25 24 11 29 6 30 5 8 27 26 9 28 7 14 21 34 1
4 2
2 3 6 5 8 9 4 7 1 12 11 10
4 2
10 11 1 4 8 5 12 9 3 2 6 7
1 3
5 6 1 8 4 3 2 7
2 2
4 5 3 6 8 7 2 1
4 3
7 8 12 3 14 1 4 11 9 6 10 5 13 2
3 2
9 8 6 7 3 2 5 4 1 10
3 1
2 1 4 7 8 3 6 5
2 8
3 16 19 20 4 15 9 8 5 6 7 10 18 1 14 11 12 13 2 17
2 8
3 18 11 10 16 5 4 17 9 12 8 13 6 15 14 7 20 1 2 19
2 8
13 12 7 10 19 18 20 1 4 3 5 6 11 2 16 17 9 8 15 14
1 8
7 12 13 6 11 10 15 2 14 3 16 17 18 1 5 4 8 9
1 16
19 16 30 31 15 14 29 4 28 5 26 7 34 33 32 1 24 23 20 13 27 6 8 25 17 18 11 12 2 3 10 9 21 22
4 2
3 2 10 9 8 11 7 4 5 6 1 12
1 5
6 5 7 4 1 12 11 10 9 2 8 3
16 1
2 3 25 24 20 15 14 23 22 21 19 16 30 31 8 27 33 32 10 11 34 1 17 18 7 6 4 5 13 12 9 26 28 29
8 2
3 2 1 4 14 11 12 13 19 6 5 20 7 18 15 10 17 8 16 9
1 2
2 1 6 5 3 4
2 1
5 4 1 2 6 3
4 1
10 9 8 3 1 2 5 6 7 4
1 15
3 2 24 13 22 23 28 29 7 6 17 16 30 25 10 1 20 21 15 14 18 19 12 11 31 32 4 5 26 27 8 9
3 1
6 7 2 1 4 5 8 3
8 2
4 5 16 7 6 19 18 17 10 9 14 15 1 20 3 2 12 13 11 8
1 3
6 3 1 2 8 7 5 4
5 3
10 7 5 12 9 8 11 6 13 4 15 2 16 1 3 14
1 8
16 17 5 4 12 13 14 15 7 6 18 1 3 2 8 9 11 10
3 1
6 1 2 5 8 7 4 3
8 2
14 15 4 19 12 9 18 5 11 10 6 17 13 16 1 2 7 8 20 3
2 4
11 10 8 9 3 12 7 6 5 4 2 1
4 2
7 8 12 11 1 2 10 9 4 5 3 6
8 2
17 6 1 20 13 12 5 18 16 7 19 2 11 14 15 8 9 10 3 4
8 1
7 12 3 2 11 8 14 13 16 17 10 9 4 15 18 1 6 5
