47

18 19 163 10 9

16 20 155 2 7

13 18 146 9 15

13 18 151 8 3

13 15 87 4 4

12 16 126 4 10

20 13 114 17 7

17 16 80 13 4

12 10 20 6 4

16 16 58 10 5

18 15 98 5 5

13 15 51 5 12

11 16 77 6 9

14 16 119 2 9

20 17 237 8 13

12 11 59 8 6

19 12 45 13 6

14 19 154 10 2

13 14 62 7 7

18 11 108 2 4

15 13 116 4 9

11 16 114 7 13

15 18 86 5 6

19 12 122 2 3

20 11 33 17 8

12 11 86 7 3

12 13 27 3 4

15 20 187 8 14

18 18 165 8 13

17 17 127 13 7

20 10 22 10 7

11 14 28 3 10

18 17 75 3 10

15 14 37 3 2

15 18 77 5 12

17 13 122 12 5

17 16 125 9 10

15 15 34 7 3

18 17 41 4 13

10 17 117 3 8

19 12 159 6 3

14 12 52 5 8

17 14 30 5 11

17 17 35 9 14

14 18 166 11 2

16 20 213 11 5

13 15 21 2 11
