520

5 5 2 3 0

5 5 18 4 3

4 3 2 2 1

4 3 6 3 1

7 7 7 3 2

5 5 5 3 2

5 5 8 0 3

5 4 9 4 2

3 3 5 2 2

5 3 3 0 1

6 8 30 2 3

20 2 33 18 1

4 5 15 3 0

5 5 6 3 1

5 4 7 2 0

5 5 7 3 2

5 4 7 4 1

5 5 12 1 4

5 5 19 4 2

9 8 43 4 2

4 4 7 1 0

20 4 2 17 3

5 4 3 4 3

5 5 9 1 2

5 5 6 2 0

5 4 14 2 0

5 4 5 0 2

16 1 2 14 0

3 5 5 1 1

4 4 4 0 3

3 4 1 1 3

5 5 1 2 0

5 5 6 2 2

3 5 7 1 0

4 5 8 3 1

16 20 306 6 3

5 5 2 2 2

5 4 9 3 1

9 9 37 4 2

4 4 2 3 1

5 5 1 2 2

5 5 16 2 2

5 5 20 4 4

5 5 4 2 2

20 2 32 1 0

3 5 3 0 2

5 5 1 3 4

4 4 5 3 0

5 5 9 4 2

1 5 2 0 0

5 5 17 0 3

18 13 5 12 3

18 17 19 1 9

20 2 1 0 1

16 10 5 13 6

13 16 15 1 3

4 1 1 1 0

3 3 1 0 1

4 4 8 0 1

7 9 58 2 2

3 3 3 1 2

5 5 10 2 3

4 5 12 1 0

5 5 3 3 2

5 5 16 4 1

5 5 11 4 3

5 5 2 2 1

3 5 6 1 2

5 4 5 1 0

5 1 3 4 0

4 5 16 3 4

4 4 3 3 1

5 5 7 1 3

5 3 7 2 2

2 20 3 1 3

4 5 6 3 0

15 3 1 7 0

4 5 8 1 3

5 4 1 0 1

3 5 8 0 2

20 2 31 18 1

5 5 7 1 2

5 3 6 2 0

5 5 19 1 4

17 16 14 9 1

3 4 6 2 1

5 4 5 2 1

8 9 63 4 2

3 4 3 2 2

5 5 14 4 4

4 13 4 2 6

4 4 8 1 0

15 10 4 8 0

20 4 8 8 1

4 3 5 3 1

5 5 1 4 0

2 4 3 0 3

5 5 11 0 0

5 5 10 0 4

5 5 16 3 3

5 4 13 2 3

4 3 3 0 0

3 11 4 1 4

20 14 12 18 2

5 5 1 3 3

3 5 4 1 3

17 3 9 11 0

5 5 3 2 2

5 5 5 2 2

5 5 7 2 2

3 4 8 0 0

3 5 1 1 1

3 4 1 1 1

5 5 13 3 1

5 5 18 3 0

5 5 8 4 1

4 5 11 3 0

6 8 18 2 5

14 15 4 8 11

20 2 4 16 0

5 5 7 0 0

5 5 11 4 1

4 5 11 2 0

5 5 12 0 4

5 5 7 2 4

5 5 2 3 1

4 4 10 3 3

3 5 1 1 2

5 3 4 2 2

15 3 2 5 2

5 3 1 4 1

5 5 2 2 1

5 5 4 1 2

5 5 15 0 2

5 5 12 4 2

5 5 14 3 3

5 5 10 0 2

5 3 8 3 0

16 19 17 14 9

4 5 7 0 3

4 3 1 1 2

6 5 12 2 2

5 5 11 2 2

5 4 6 2 1

9 7 38 4 2

5 5 8 2 2

12 11 10 0 10

5 5 10 2 2

4 5 4 3 1

4 5 13 0 0

4 5 12 0 0

5 5 17 2 0

4 5 9 3 3

5 5 4 3 0

4 4 7 2 1

6 9 36 2 2

5 4 2 2 3

18 18 20 16 17

20 2 1 18 0

5 4 7 3 1

5 3 8 4 1

15 15 212 5 2

5 5 16 0 4

4 5 2 3 3

5 4 8 0 3

14 19 253 2 7

1 20 3 0 10

20 10 11 17 8

3 5 5 1 4

3 5 6 2 0

8 6 24 2 3

4 4 1 0 3

5 5 6 4 4

1 5 2 0 1

5 5 4 2 0

4 4 9 1 0

9 7 11 5 2

2 5 2 0 3

3 3 2 2 0

4 3 4 2 0

18 13 4 11 8

9 9 22 3 6

4 4 10 0 1

2 20 29 1 17

4 4 1 1 3

18 16 14 17 15

5 5 15 2 2

20 14 4 2 4

5 3 6 1 1

2 4 2 0 2

4 4 1 3 2

5 5 5 2 1

5 5 9 2 3

5 4 14 4 2

3 3 2 1 2

5 5 16 1 2

5 2 4 0 1

4 3 6 3 2

7 7 12 3 2

12 1 2 6 0

9 5 6 2 2

17 20 4 16 4

3 4 1 0 3

5 3 9 4 1

4 4 7 3 1

4 4 6 1 0

1 17 1 0 7

17 14 5 2 9

5 4 1 2 0

7 9 45 3 4

5 5 8 3 3

5 3 4 2 1

5 5 16 2 0

2 20 2 0 16

5 5 8 2 4

5 5 1 0 1

4 5 10 2 0

5 4 4 1 2

12 17 4 7 12

7 9 10 3 6

5 5 14 3 2

5 5 11 3 3

11 1 3 7 0

5 5 7 0 1

3 4 5 2 2

9 6 27 5 2

8 8 36 4 3

4 4 6 3 3

5 5 14 2 0

5 5 18 4 0

5 4 3 3 3

4 5 7 2 2

3 19 5 1 4

4 4 11 3 0

5 4 4 2 2

2 5 1 0 1

5 5 14 1 0

5 4 10 1 1

3 5 4 0 1

20 2 30 2 1

5 4 10 2 1

5 4 13 4 1

5 2 2 2 0

8 7 20 2 4

5 5 19 4 1

4 1 2 3 0

3 5 8 2 4

4 5 12 3 2

5 1 1 2 0

3 4 2 1 0

3 4 7 0 0

8 9 38 4 6

2 20 31 0 17

5 5 11 3 2

19 16 10 17 14

5 3 7 4 0

5 4 9 2 0

4 2 2 0 1

4 4 12 0 3

5 5 9 3 0

3 5 3 1 1

3 5 1 0 4

4 5 2 2 0

16 11 167 5 0

5 4 13 3 0

5 5 5 4 2

20 2 33 16 1

5 5 2 0 3

5 3 6 0 1

2 20 32 1 16

4 5 5 1 1

5 5 14 3 0

1 5 1 0 1

5 5 5 0 1

3 4 2 0 1

5 5 6 0 2

5 5 5 2 4

4 4 3 0 0

18 17 292 8 3

5 5 10 4 1

4 5 10 3 2

5 5 3 1 3

4 5 4 3 0

3 5 3 2 3

5 5 9 2 0

5 5 3 1 4

4 5 4 0 2

5 5 8 2 3

3 3 3 0 2

5 5 5 3 3

3 5 2 1 2

2 20 33 1 17

5 5 15 4 3

20 10 11 0 0

5 3 1 2 2

5 5 12 3 2

5 4 5 4 0

5 4 8 0 1

5 5 17 2 0

12 16 16 2 1

5 5 16 2 4

9 6 46 2 2

5 5 15 1 3

9 6 10 4 3

5 5 6 1 0

5 5 19 4 2

14 17 5 5 2

5 4 7 4 3

5 3 5 2 2

4 4 3 1 0

5 5 11 4 2

4 5 14 0 0

5 5 1 4 2

5 4 1 3 3

5 5 4 4 2

5 5 17 4 4

5 3 9 4 2

15 17 242 6 10

5 5 13 0 0

5 2 4 2 1

5 5 12 3 1

18 17 3 0 2

5 5 12 0 2

5 5 16 2 3

2 20 34 0 1

5 3 5 2 1

9 6 32 5 2

7 5 9 2 2

4 4 10 0 2

5 3 6 3 2

19 12 5 11 5

4 5 1 2 3

3 2 2 2 0

11 19 195 3 8

5 4 3 1 2

4 4 5 1 1

2 5 2 0 4

1 5 1 0 0

4 5 14 3 3

5 4 10 4 0

16 14 211 7 3

3 5 9 0 1

4 4 7 3 3

5 5 5 4 1

4 3 5 3 0

5 4 3 4 1

4 4 2 3 3

3 4 3 1 1

4 3 3 3 1

5 5 9 2 2

7 8 19 3 2

5 3 10 4 2

5 5 15 4 0

3 5 5 2 3

3 5 9 0 2

5 4 11 1 2

1 10 2 0 9

5 5 13 2 2

8 8 31 4 4

5 5 2 4 2

5 4 12 3 3

4 4 4 3 1

14 20 267 5 3

5 4 2 2 1

1 3 1 0 2

2 20 2 1 19

2 3 1 1 2

5 5 2 0 0

2 5 1 0 2

5 4 3 2 2

5 5 6 2 3

5 3 1 1 0

4 4 9 0 0

9 9 63 5 6

4 5 11 3 2

3 5 2 0 2

9 6 34 4 3

4 5 4 2 0

14 14 186 4 0

5 5 15 2 4

5 4 2 3 2

3 5 7 0 3

4 3 4 0 2

5 5 14 2 2

5 5 13 4 2

3 5 4 0 4

5 5 18 2 4

5 5 15 4 1

5 4 6 2 3

5 3 5 4 0

5 5 12 3 2

12 13 19 11 0

14 4 6 10 2

5 5 14 2 0

2 5 3 0 4

2 20 1 1 16

10 10 90 6 0

7 7 13 3 2

4 4 9 0 1

5 5 15 1 2

5 5 13 3 0

9 6 11 2 3

4 4 4 1 1

5 4 9 4 3

6 8 18 3 3

5 5 1 2 3

5 5 3 4 2

6 9 12 2 3

5 5 2 4 2

2 5 5 1 4

5 4 6 4 1

5 4 1 0 3

5 5 5 0 4

2 4 4 0 0

20 2 5 3 0

4 4 6 1 0

4 4 2 1 3

2 5 4 0 1

4 10 2 3 3

5 5 15 3 2

5 5 9 0 4

5 3 2 1 1

5 5 16 4 1

11 1 2 6 0

5 5 4 3 4

11 17 178 0 11

20 2 1 17 1

5 4 8 2 3

2 20 30 0 9

6 6 21 2 2

5 5 13 2 1

5 5 7 1 0

2 5 6 0 4

2 5 3 0 2

20 2 31 16 0

2 20 32 0 17

4 5 6 1 1

5 5 7 0 2

3 5 2 1 0

3 3 2 1 2

5 5 12 1 0

5 5 3 3 2

5 5 17 4 3

7 6 41 4 3

5 5 21 0 0

5 5 4 0 0

5 5 19 0 0

5 5 9 0 1

5 5 13 3 2

5 5 9 3 1

10 13 116 3 10

3 4 2 0 0

5 5 11 1 2

4 4 5 1 3

5 3 3 0 2

4 5 8 2 2

4 5 6 0 1

5 5 6 2 3

5 5 3 4 0

5 2 1 0 0

2 4 1 0 0

5 5 4 2 1

5 5 3 3 0

4 5 11 2 2

6 8 40 2 3

5 5 11 0 2

5 5 10 2 4

4 4 2 1 1

5 5 10 1 2

5 4 5 2 0

5 3 2 1 0

5 5 18 4 2

5 5 10 1 4

4 4 4 3 1

4 4 5 2 3

5 5 12 2 2

4 4 1 1 2

5 5 1 3 2

15 13 4 8 4

4 4 8 3 3

5 4 3 2 0

5 4 10 3 0

13 19 15 11 3

5 3 2 4 0

5 6 7 2 2

5 5 8 2 0

4 3 4 3 1

2 20 3 0 0

5 5 10 3 3

5 5 14 1 2

3 3 1 0 2

3 3 4 0 0

4 4 6 1 1

5 5 13 4 3

1 4 1 0 3

4 5 2 3 0

9 9 5 3 6

5 5 8 4 4

3 5 3 1 2

5 5 6 3 0

5 2 3 1 1

5 5 3 4 2

4 4 3 1 2

3 5 4 1 4

5 9 19 2 5

4 5 1 2 2

9 7 47 2 2

16 12 178 3 8

3 3 3 2 1

2 4 1 1 2

5 5 13 2 4

13 12 12 11 6

3 5 11 0 0

3 3 1 1 2

18 14 3 17 5

5 1 2 2 0

5 5 4 1 1

4 5 9 1 2

5 4 11 1 0

5 5 8 3 2
