75
1 1 1 0
1 2 0 0
2 1 1 2
2 2 0 2
1 0 1 1
2 2 1 1
2 0 3 1
11 682 683 683
4 10 3 3
3 2 2 4
4 4 4 8
3 2 0 6
10 433 355 236
6 1 33 30
8 122 84 50
4 6 6 4
5 11 11 10
12 1365 1366 1365
6 25 20 19
10 341 342 341
6 21 22 21
3 2 4 2
6 0 59 5
10 342 341 341
11 426 165 1457
8 86 85 85
10 341 341 342
3 8 0 0
2 1 3 0
12 983 50 3063
3 3 3 2
9 367 132 13
12 1364 1368 1364
9 8 217 287
2 0 4 0
12 1365 1365 1366
9 170 171 171
3 4 2 2
3 1 2 5
7 126 1 1
8 85 86 85
11 683 682 683
6 18 26 20
3 2 3 3
9 329 72 111
4 5 6 5
9 171 171 170
11 683 683 682
9 29 217 266
6 6 57 1
5 11 10 11
8 1 253 2
6 21 21 22
7 43 43 42
3 3 2 3
12 1366 1366 1364
7 43 42 43
3 4 3 1
1 0 0 2
4 5 5 6
4 6 5 5
12 0 4096 0
6 22 21 21
5 10 11 11
6 32 28 4
8 104 117 35
9 68 432 12
12 1366 1365 1365
7 42 43 43
12 1007 767 2322
2 1 2 1
8 85 85 86
9 171 170 171
1 1 0 1
9 402 74 36
