100
2 2
0.50 0.50
4 2
0.00 0.00 1.00 1.00
3 2
0.50 0.75 1.00
2 2
1.00 1.00
16 14
1.00 0.98 0.98 0.99 0.98 1.00 0.99 0.98 0.98 0.98 0.99 0.98 1.00 0.99 0.98 0.98
16 6
0.27 0.38 0.65 0.53 0.36 0.50 0.61 0.50 0.62 0.33 0.62 0.56 0.37 0.38 0.59 0.60
16 6
0.44 0.14 0.22 0.66 0.53 0.42 0.57 0.33 0.65 0.20 0.35 0.67 0.47 0.75 0.28 0.49
16 2
0.09 0.63 0.03 0.70 0.60 0.06 0.02 0.05 0.69 0.09 0.03 0.10 0.00 0.07 0.10 0.05
8 6
1.00 1.00 1.00 1.00 1.00 1.00 1.00 1.00
16 6
0.37 0.50 0.62 0.38 0.36 0.33 0.62 0.60 0.53 0.38 0.61 0.56 0.50 0.59 0.26 0.65
16 8
0.07 0.03 0.07 0.08 0.97 0.92 1.00 0.91 0.07 0.91 0.04 0.97 0.05 0.95 0.06 0.91
12 4
0.37 0.27 0.87 0.57 0.66 0.38 0.79 0.17 0.41 0.79 0.10 0.55
16 2
0.49 0.43 0.49 0.51 0.70 0.65 0.32 0.54 0.38 0.54 0.56 0.62 0.41 0.65 0.37 0.43
16 14
0.50 0.50 0.50 0.51 0.51 0.51 0.51 0.51 0.50 0.50 0.50 0.49 0.50 0.50 0.50 0.49
3 2
0.50 0.10 0.80
16 8
0.67 0.98 1.00 0.65 0.99 1.00 0.50 1.00 0.98 0.82 1.00 0.98 0.98 0.98 0.80 0.89
16 6
0.02 0.01 0.02 0.00 0.02 0.00 0.01 0.01 0.00 0.02 0.02 0.02 0.02 0.02 0.00 0.01
4 2
0.99 0.01 0.98 0.01
2 2
0.00 0.00
16 6
0.15 0.44 0.28 0.53 0.35 0.57 0.75 0.65 0.67 0.20 0.47 0.66 0.49 0.33 0.22 0.42
3 2
0.04 0.02 0.01
16 2
0.01 0.02 0.02 0.01 0.01 0.00 0.02 0.00 0.02 0.01 0.00 0.02 0.00 0.00 0.01 0.01
16 14
0.10 0.06 0.07 0.09 0.09 0.01 0.68 0.09 0.60 0.62 0.01 0.04 0.10 0.02 0.69 0.08
4 2
1.00 0.00 1.00 1.00
16 2
1.00 0.99 0.98 0.98 0.99 0.98 0.98 0.98 0.98 0.99 0.99 0.98 0.99 0.99 0.98 0.98
3 2
0.50 0.50 0.50
16 14
0.60 0.02 0.70 0.00 0.64 0.06 0.67 0.67 0.69 0.06 0.65 0.70 0.60 0.64 0.62 0.64
12 6
0.50 0.35 0.51 0.57 0.43 0.75 0.32 0.56 0.83 0.36 0.17 0.40
16 12
0.65 0.63 0.69 0.06 0.66 0.69 0.60 0.70 0.03 0.60 0.69 0.00 0.08 0.66 0.66 0.69
16 6
0.50 0.49 0.50 0.51 0.49 0.50 0.51 0.49 0.51 0.50 0.51 0.50 0.51 0.50 0.49 0.51
4 2
0.00 0.00 0.00 0.02
16 6
0.01 0.60 0.60 0.00 0.61 0.64 0.64 0.67 0.64 0.62 0.70 0.62 0.64 0.10 0.64 0.05
16 10
0.00 0.01 0.00 0.00 0.01 0.02 0.01 0.00 0.00 0.02 0.02 0.00 0.01 0.01 0.00 0.02
2 2
0.00 1.00
8 2
1.00 1.00 0.00 1.00 1.00 1.00 1.00 1.00
3 2
0.60 0.50 0.40
16 14
0.24 0.79 0.12 0.98 0.12 0.03 0.17 0.97 0.12 0.81 0.98 0.18 0.88 0.39 0.88 0.50
16 8
0.46 0.46 0.54 0.59 0.51 0.65 0.66 0.56 0.77 0.50 0.64 0.71 0.73 0.62 0.50 0.52
8 2
1.00 1.00 1.00 0.00 1.00 1.00 1.00 0.00
16 10
0.86 0.46 0.79 0.86 0.38 0.77 0.80 0.50 0.40 0.51 0.73 0.55 0.61 0.43 0.85 0.67
16 4
0.10 0.70 0.67 0.67 0.07 0.64 0.60 0.60 0.63 0.09 0.03 0.64 0.68 0.60 0.63 0.68
16 12
0.01 0.06 0.03 0.07 0.69 0.01 0.08 0.01 0.02 0.69 0.01 0.10 0.09 0.02 0.60 0.60
16 8
0.12 0.02 0.03 0.01 0.44 0.01 0.16 0.02 0.00 0.00 0.00 0.01 0.09 0.39 0.01 0.15
4 2
1.00 1.00 0.98 0.00
4 2
1.00 0.00 0.00 0.00
3 2
0.30 0.80 0.50
16 6
1.00 1.00 0.99 1.00 0.99 0.99 0.98 0.99 0.99 1.00 0.98 1.00 0.98 1.00 1.00 1.00
16 2
0.60 0.04 0.64 0.01 0.63 0.66 0.63 0.03 0.60 0.67 0.07 0.70 0.67 0.70 0.70 0.63
16 8
0.04 0.96 0.06 1.00 1.00 1.00 0.97 0.05 0.05 0.93 1.00 0.92 0.04 0.01 0.08 0.03
8 4
1.00 0.00 0.00 0.00 0.00 1.00 1.00 1.00
3 2
0.00 0.00 1.00
16 8
0.02 0.81 0.02 0.95 0.94 1.00 0.00 0.01 0.92 0.90 0.88 0.02 0.62 0.01 0.01 0.02
16 10
0.39 0.74 0.28 0.93 0.72 0.59 0.38 0.11 0.28 0.30 0.09 0.99 0.06 0.81 0.74 0.62
16 2
0.46 0.41 0.50 0.31 0.02 0.00 0.11 0.67 0.71 0.41 0.12 0.45 0.25 0.45 0.87 0.82
16 8
0.58 0.08 0.02 0.70 0.04 0.10 0.10 0.10 0.04 0.08 0.02 0.03 0.14 0.00 0.75 0.16
16 8
0.01 0.03 1.00 0.97 0.98 0.05 0.02 0.96 0.04 0.03 0.98 0.10 0.07 0.90 0.90 0.96
16 10
0.67 0.43 0.86 0.55 0.73 0.51 0.79 0.61 0.77 0.38 0.80 0.86 0.50 0.40 0.45 0.85
16 8
0.25 0.07 0.67 0.17 0.54 0.03 0.07 0.10 0.37 0.05 0.12 0.08 0.22 0.38 0.09 0.02
16 10
0.68 0.66 0.07 0.70 0.61 0.67 0.60 0.08 0.60 0.68 0.70 0.01 0.60 0.10 0.60 0.63
2 2
0.45 0.05
8 4
1.00 1.00 1.00 1.00 0.00 1.00 1.00 0.00
4 4
0.50 0.50 0.50 0.50
16 6
0.51 0.48 0.57 0.56 0.59 0.46 0.49 0.64 0.37 0.36 0.39 0.55 0.56 0.47 0.68 0.38
16 2
0.51 0.51 0.49 0.49 0.49 0.50 0.50 0.50 0.51 0.49 0.50 0.50 0.50 0.51 0.49 0.49
16 8
0.00 0.04 0.70 0.07 0.08 0.03 0.62 0.00 0.03 0.00 0.09 0.69 0.05 0.01 0.63 0.10
16 10
0.33 0.58 0.53 0.45 0.50 0.45 0.29 0.47 0.38 0.31 0.45 0.46 0.57 0.39 0.58 0.67
16 6
0.07 0.04 0.07 0.62 0.03 0.69 0.02 0.09 0.66 0.00 0.03 0.07 0.01 0.03 0.10 0.60
16 10
1.00 0.99 0.98 1.00 1.00 1.00 0.98 0.99 0.99 0.98 1.00 0.99 1.00 0.98 0.98 0.99
4 4
0.00 1.00 0.00 1.00
8 4
1.00 1.00 1.00 1.00 0.00 1.00 1.00 1.00
16 8
0.99 0.43 1.00 0.98 0.19 0.29 0.98 0.99 0.17 0.14 0.99 0.13 1.00 0.99 0.31 0.22
8 2
1.00 0.00 0.00 1.00 0.00 1.00 1.00 0.00
4 4
0.01 0.01 0.99 0.98
16 10
0.51 0.51 0.50 0.49 0.50 0.51 0.51 0.50 0.49 0.50 0.51 0.51 0.51 0.50 0.50 0.49
8 4
0.00 1.00 1.00 0.00 1.00 0.00 1.00 1.00
16 4
0.01 0.04 0.02 0.09 0.06 0.62 0.67 0.04 0.64 0.62 0.08 0.08 0.02 0.08 0.05 0.08
8 4
1.00 1.00 1.00 1.00 1.00 1.00 1.00 1.00
8 2
1.00 1.00 1.00 1.00 1.00 1.00 1.00 1.00
4 2
0.00 0.02 1.00 0.00
8 6
0.00 1.00 1.00 1.00 1.00 1.00 1.00 1.00
16 10
0.45 0.57 0.45 0.47 0.33 0.38 0.31 0.58 0.53 0.29 0.45 0.66 0.46 0.58 0.50 0.39
4 2
0.00 0.00 0.00 0.00
8 6
0.00 1.00 0.00 1.00 0.00 1.00 1.00 1.00
16 8
0.63 0.09 0.65 0.62 0.66 0.60 0.69 0.07 0.67 0.66 0.03 0.04 0.64 0.62 0.70 0.65
12 2
0.41 0.17 0.89 0.30 0.59 0.22 0.37 0.59 0.41 0.26 0.69 0.67
16 8
0.12 0.99 0.04 0.23 0.99 0.98 0.08 0.98 0.27 0.98 0.98 0.99 0.12 0.50 0.99 0.06
16 8
0.51 0.64 0.51 0.59 0.65 0.62 0.71 0.54 0.46 0.56 0.50 0.66 0.46 0.73 0.77 0.52
8 2
1.00 1.00 0.00 1.00 1.00 0.00 1.00 0.00
16 14
0.00 0.02 0.01 0.00 0.01 0.01 0.02 0.00 0.01 0.00 0.01 0.00 0.02 0.02 0.00 0.02
16 8
0.02 0.01 0.07 0.00 0.38 0.03 0.01 0.52 0.76 0.30 0.01 0.09 0.22 0.90 0.63 0.42
2 2
0.00 0.50
16 8
0.81 1.00 0.84 0.98 0.53 0.93 0.98 1.00 0.92 0.98 1.00 0.72 0.98 0.89 0.70 0.98
8 6
1.00 1.00 1.00 1.00 0.00 0.00 1.00 1.00
16 10
0.56 0.44 0.44 0.56 0.53 0.54 0.30 0.43 0.35 0.69 0.43 0.39 0.63 0.54 0.58 0.31
8 6
1.00 1.00 0.00 1.00 0.00 1.00 0.00 0.00
16 6
0.20 0.03 0.95 0.31 0.08 0.72 0.90 0.60 0.99 0.60 0.05 0.27 0.70 0.99 0.21 0.01
16 8
0.02 0.38 0.43 0.25 0.01 0.01 0.12 0.38 0.00 0.01 0.02 0.10 0.01 0.28 0.00 0.31
16 10
0.08 0.07 0.01 0.69 0.08 0.10 0.00 0.10 0.07 0.06 0.68 0.07 0.05 0.60 0.02 0.63
16 14
0.45 0.36 0.41 0.67 0.39 0.53 0.52 0.68 0.40 0.56 0.41 0.31 0.40 0.64 0.32 0.33
16 8
0.00 0.60 0.84 0.65 0.01 0.00 0.61 0.92 0.02 0.00 0.77 0.01 0.53 0.00 0.52 0.01
