100
10 2
1 2 3 4 5 6 7 8 9
100 100
-100
7 3
0 12 0 12 0
100 50
0 62 0 62 124 186 124 186 124 62 124 62 0 62 0 -62 0 62 124 186 248 310 248 310 372 310 248 186 124 62 124 62 0 -62 0 -62 -124 -152 -214 -276 -214 -276 -214 -276 -338 -276 -338 -276 -214 -276 -214
100 2
-3228 -470 -1454 -4039 -3924 -4107 -5414 -5811 -5677 -4018 -2022 -1755 -1817 -929 -3312 -4194 -3664 -3179 -3019 -3654 -4833 -3438 -1153 -1986 -1872 -3939 -6366 -4287 -3541 -4095 -2001 -3424 -5770 -3610 -1216 -1472 -2184 -2137 -4064 -5915 -4649 -3813 -3393 -1655 -3063 -4610 -3989 -3059 -1730 -1033 -913 -4057 -3610 -1240 -3462 -3004 -1439 -3011 -4009 -3076 -4628 -6229 -4453 -4273 -3744 -2631 -2544 -1218 -1599 -3082 -2677 -1471 -2346 -2597 -3342 -5129 -5472 -4219 -4052 -4689 -2915 -1283 -3339 -3755 -3080 -4674 -4592 -5279 -5287 -3570 -1645 -620 -1073 -1200 -2096 -2261 -1851 -1953 -2954
100 50
0 171 0 171 0 171 0 171 0 171 0 -171 -342 -513 -342 -171 0 -171 0 -158 13 184 355 526 697 526 697 526 355 184 13 -158 13 184 13 -158 13 -158 -329 -158 -329 -158 -329 -500 -671 -842 -1013 -842 -671 -842 -1013
100 50
0 17 0 17 0 17 34 17 34 51 68 51 34 17 34 17 17 0 17 0 -17 -34 -17 -34 -17 -34 -17 -34 -17 0 -17 0 -17 0 17 34 51 68 51 34 51 34 51 68 85 102 85 102 119 136 153
100 50
0 206 0 206 0 206 0 206 0 206 0 -206 -412 -618 -412 -206 0 -206 0 -193 13 219 425 631 837 631 837 631 425 219 13 -193 13 219 13 -193 13 -193 -399 -193 -399 -193 -399 -605 -811 -1017 -1223 -1017 -811 -1017 -1223
100 50
0 270 0 270 0 -270 -540 -270 0 -270 0 270 540 810 1080 810 1080 1350 1620 1890 2160 1890 2160 2430 2700 2970 3240 2970 2700 2970 3240 2970 2700 2430 2160 2430 2160 2430 2700 2430 2160 1969 1699 1969 1699 1429 1159 1429 1699 1429 1699
100 50
0 368 736 1104 1472 1840 2208 1840 1472 1840 1472 1840 2208 2576 2208 2576 2944 3312 3680 3312 2944 2576 2944 3312 2944 3312 3680 3312 2944 2576 2944 3312 3067 3435 3803 3435 3803 3435 3067 2699 2331 2699 2331 1963 2331 2699 2331 2699 3067 3435 3803
100 50
0 339 678 339 678 1017 1356 1695 2034 1695 1356 1302 963 1302 1641 1302 1641 1302 963 1302 963 624 285 624 285 624 285 -54 285 -54 -393 -54 -393 -732 -1071 -1410 -1749 -1410 -1071 -1410 -1749 -2088 -2427 -2088 -1749 -2088 -2427 -2088 -2427 -2088 -1749
100 50
0 162 0 162 324 486 324 486 324 162 324 162 0 162 0 -162 0 162 324 486 648 810 648 810 972 810 648 486 324 162 324 162 0 -162 0 -162 -324 -400 -562 -724 -562 -724 -562 -724 -886 -724 -886 -724 -562 -724 -562
100 50
0 -5 0 5 10 5 0 -5 0 5 10 5 0 -5 -10 -5 -10 -15 -20 -20 -15 -10 -5 -10 -15 -20 -15 -20 -25 -20 -25 -30 -35 -30 -35 -30 -35 -30 -35 -30 -25 -20 -25 -20 -25 -20 -15 -20 -15 -20 -25
100 50
0 -233 0 -233 0 -233 -466 -233 -466 -699 -466 -233 -466 -233 0 -233 0 233 466 233 0 233 466 699 466 699 932 699 932 1165 1398 1165 932 1165 1398 1165 1398 1165 1398 1165 1307 1540 1307 1540 1773 2006 1773 2006 2239 2472 2705
100 50
0 141 -20 -181 -342 -181 -20 -181 -20 -181 -342 -503 -664 -825 -664 -503 -664 -825 -664 -825 -664 -503 -342 -503 -664 -825 -664 -825 -986 -1147 -986 -1147 -986 -1147 -1308 -1469 -1308 -1469 -1308 -1147 -986 -1147 -1308 -1147 -986 -1147 -986 -1147 -1308 -1147 -1308
100 50
0 107 214 107 180 73 -34 -141 -34 -141 -248 -355 -462 -355 -248 -355 -248 -141 -34 -141 -248 -141 -34 -141 -34 -141 -248 -355 -462 -569 -462 -355 -462 -569 -676 -569 -462 -355 -462 -355 -462 -355 -248 -141 -34 73 -34 73 -34 -141 -34
100 50
340 -37 340 717 340 -37 -414 -791 -1168 -1545 -1922 -1545 -1168 -791 -414 -791 -414 -791 -414 -37 340 -37 -414 -791 -414 -37 -414 -37 340 717 1094 1471 1094 1471 1094 1471 1848 2225 1848 1471 1094 717 1094 717 340 717 340 -37 -414 -791 -414
100 50
-237 39 -237 -513 -237 39 -237 39 315 39 315 591 315 591 867 591 315 39 315 39 -237 39 -237 -513 -789 -513 -237 -513 -789 -513 -237 39 -237 -513 -237 -513 -237 -513 -789 -513 -237 39 315 39 315 39 315 591 867 1143 867
100 50
226 191 226 191 156 191 156 121 156 121 86 51 16 51 86 121 156 121 86 51 86 51 86 51 16 51 16 -19 16 -19 -54 -89 -124 -159 -194 -159 -194 -159 -194 -159 -194 -159 -194 -159 -124 -159 -194 -229 -264 -229 -194
100 50
520 179 -162 -503 -844 -1185 -844 -503 -844 -503 -844 -1185 -844 -1185 -1526 -1867 -1526 -1185 -844 -503 -162 179 -162 -503 -162 -503 -162 179 520 179 -162 179 -162 -503 -844 -503 -162 -503 -162 -503 -844 -503 -844 -503 -844 -503 -844 -503 -844 -1185 -844
100 50
4131 4515 4806 4570 4954 5075 4893 4553 4185 4558 4511 4616 4955 4571 4187 3803 3562 3564 3259 3643 3379 3402 3786 3402 3018 2950 2732 2538 2922 2538 2154 1770 1386 1002 1110 773 981 672 288 -96 -480 -387 -587 -971 -1355 -971 -587 -203 181 481 865
100 50
658 369 699 369 39 293 177 507 469 249 -81 -233 97 396 726 396 66 -225 -9 292 579 909 1239 994 722 1052 925 1242 962 730 400 730 768 438 418 748 1078 1408 1738 1681 1352 1682 1988 1658 1823 1493 1823 2153 2351 2681 2803
100 50
1604 1646 1595 1646 1631 1582 1616 1667 1718 1769 1718 1667 1641 1649 1650 1607 1556 1607 1658 1709 1681 1674 1721 1670 1656 1646 1595 1544 1554 1513 1493 1471 1453 1402 1383 1434 1439 1388 1421 1398 1437 1386 1437 1386 1335 1284 1233 1284 1233 1206 1182
100 50
2149 1834 1732 1836 2151 2000 2196 1881 2196 2511 2275 2194 2509 2380 2561 2280 2145 2293 2595 2280 1965 1757 1442 1757 2072 2387 2072 2387 2702 2751 3066 3037 2965 2650 2436 2751 2461 2246 1931 1769 1497 1812 2127 2401 2716 2934 2619 2304 2192 2207 2522
100 25
1600 1080 893 202 486 88 491 580 894 440 1131 1612 2168 1902 1706 1299 1390 1859 2283 2974 2287 1596 1816 2131 1750 1308 1163 1653 2256 2183 1918 1732 1041 1418 1831 1290 1500 1635 1982 1980 2139 2721 2030 1719 1629 2320 2610 1919 1917 1607 2170 2450 1759 1502 1682 2373 1868 1871 1345 1183 1598 1393 981 290 981 864 173 437 355 -129 -812 -918 -244 134 528 656
100 25
895 1041 572 416 391 -2 133 -660 -1367 -1244 -1257 -1050 -465 62 636 554 1036 1466 1747 2375 2976 3512 3732 2944 3566 3961 3532 3208 2571 2955 3370 3009 3286 3200 2407 2771 2048 2208 1904 1782 1089 296 78 419 63 -611 -1210 -1343 -1140 -1281 -2074 -1281 -1210 -493 -84 294 -138 -377 -305 187 616 1222 539 967 296 1089 1634 1059 304 -13 780 1573 2279 2071 2383 2542
100 25
-1751 -1717 -2091 -1929 -1879 -1948 -2175 -1672 -1222 -718 -1049 -434 -694 -34 309 223 920 736 534 -16 -66 428 106 673 57 106 769 1466 769 1416 1921 2618 2812 2831 3024 3721 3504 3556 3593 3140 3578 3561 3812 4164 4017 3370 2952 2699 2482 2420 2230 1626 1336 1345 1320 1512 962 693 921 696 217 387 1032 720 476 -70 -82 364 709 1399 1723 1495 2192 1721 1702 1467
100 25
-1039 -1163 -1274 -1195 -1252 -1228 -1363 -1433 -1568 -1495 -1630 -1495 -1402 -1286 -1207 -1196 -1085 -1190 -1099 -964 -829 -938 -950 -1085 -990 -855 -801 -674 -762 -804 -693 -594 -459 -404 -393 -379 -417 -451 -584 -530 -576 -649 -583 -597 -675 -796 -661 -715 -659 -794 -858 -923 -1058 -923 -872 -935 -906 -1010 -1033 -1168 -1074 -1068 -992 -900 -898 -798 -826 -803 -924 -904 -905 -928 -997 -1040 -920 -967
100 25
4313 4956 4578 4606 4434 4648 5149 5449 5452 5684 6386 6449 6340 5951 5307 6009 5588 5535 5543 5841 6116 5414 4712 4166 3977 3275 3252 3510 3327 3590 3952 3886 4046 3406 3581 3485 2865 2298 2381 2426 2166 2868 3570 3319 3367 2665 3358 3667 4138 3742 4139 3970 3595 4112 3805 3274 3141 2780 3482 2780 2668 2800 3252 2866 2784 3020 2522 2081 2480 2309 2764 2578 2295 2060 2668 2549
100 25
-98 -106 -121 -99 -75 -86 -75 -86 -69 -76 -58 -72 -64 -67 -95 -67 -91 -105 -117 -114 -120 -146 -163 -163 -183 -162 -153 -166 -185 -211 -210 -234 -233 -240 -248 -276 -280 -275 -254 -251 -263 -244 -216 -209 -236 -224 -218 -221 -209 -200 -214 -195 -194 -169 -169 -175 -174 -191 -204 -176 -169 -155 -166 -179 -180 -191 -210 -232 -233 -228 -248 -255 -227 -212 -229 -220
100 25
1888 1889 1817 1671 1725 1845 1874 2068 2178 2457 2225 2241 1895 1764 1900 1667 1749 1845 1850 1873 2090 2175 2034 2279 2283 2253 2218 2288 2495 2702 2356 2371 2289 2312 1966 1852 2177 2217 2563 2346 2341 2259 2375 2455 2660 2567 2578 2373 2293 2264 2476 2424 2538 2553 2328 2399 2378 2289 2502 2836 2905 2910 3110 2787 3133 3320 3462 3520 3679 3360 3231 2940 3083 2922 3126 3260
100 25
3454 3548 3151 3203 3080 3246 3022 3191 2901 3110 3020 3245 3093 3073 2823 3073 3101 3378 3525 3771 3649 3723 3389 3670 3578 3244 2824 2968 2548 2839 2880 3221 2897 2940 2715 3040 2990 3102 3307 3528 3140 3486 3547 3735 3595 3611 3554 3564 3215 3431 3748 3810 4048 4240 4013 3989 3851 4003 4226 4344 4272 4517 4825 4668 4767 5050 4704 4746 4411 4131 4084 4244 4535 4672 4677 4514
100 25
5624 5004 5196 5136 4844 4514 4416 4803 5137 4860 4810 4766 4602 4650 4701 4292 4863 5098 4820 5023 4714 4708 4553 3997 3457 3753 3666 3710 3799 4151 4758 5351 5296 4959 4863 5427 5820 5419 5946 6083 6407 6522 6477 6338 6437 6868 6282 6794 6780 7063 6622 7348 7632 7086 6671 6692 6008 6092 6476 6476 6451 5725 5659 5007 4964 5196 4623 3979 3822 3361 2669 3395 3068 2912 3217 3943
100 25
2648 2622 2375 2417 2022 2245 2243 2098 1958 1736 2003 1736 1707 1637 1509 1339 1371 1134 1116 1404 1148 1280 1562 1510 1677 1921 1671 1605 1447 1778 1835 2107 2483 2720 2754 2359 2681 2814 3107 2884 2674 2737 2877 3057 3159 3145 3298 2903 2938 2779 2774 2773 2691 2660 2474 2366 2263 2018 1951 2116 2393 2299 2167 2201 2408 2458 2484 2501 2373 2292 2296 2325 2536 2256 2641 2251
100 25
4288 3622 3570 3816 3325 3304 3502 4155 4485 4369 4133 4204 4340 4835 5238 4533 4596 4590 4285 4440 3930 4011 3643 4176 3623 3501 3904 3506 3531 3500 3971 3606 3536 3289 3401 3667 3627 3340 2781 2523 2586 2614 2726 2959 2991 3493 4123 3779 3490 3622 3317 3626 3953 3963 4105 4103 4799 4928 4759 5359 4965 5500 6098 6614 6826 7077 7306 6761 7240 7626 7321 6898 7284 6988 7547 7932
100 4
6523 3731 4958 1799 2152 3292 1900 1229 -1996 -2373 -3578 -1181 113 1052 819 275 939 -670 1235 2929 1114 5348 5996 2305 825 -3386 -2543 1309 1458 4543 4031 3187 5305 4931 4793 1965 1664 -1131 -2821 725 1651 6010 5043 5636 3830 936 1881 1581 2920 4164 3018 -595 -2994 -3105 -1635 2346 4316 3759 5112 2598 4343 3624 1797 2271 2060 1695 1401 1342 -1708 637 2572 1102 1013 -843 -403 -529 3217 6351 3758 4983 3928 569 4189 6818 7590 7595 6332 6314 3841 6314 2965 819 2203 959 3150 2967 322
100 4
2573 2409 2434 2168 2077 2333 2106 2332 2390 2151 2281 2153 1997 1980 1772 1669 1631 1717 1792 2051 2131 2120 2246 1977 1878 1978 1962 2205 2470 2411 2298 2014 1824 1887 1817 2027 1978 1996 2080 1935 1910 1820 1809 2024 1960 1990 1931 1836 1942 1930 2124 2191 2369 2523 2463 2405 2200 1949 1865 1791 1953 2171 2339 2485 2430 2236 2107 1986 1848 1957 1937 2120 2116 2249 2276 2262 2510 2311 2334 2054 1772 1961 2100 2197 2264 2197 2100 1994 2132 2104 2007 2047 1984 2103 2155 2409 2581
100 4
3528 3083 3826 4185 4467 4617 4319 3357 3597 4464 4542 4777 4693 4035 4171 4095 3458 3175 2321 2031 1815 2453 3563 4548 4993 4917 3863 2806 2662 2214 2916 3918 4339 4170 4467 3974 3444 3951 3359 4126 3899 3556 4194 3368 4180 4661 4306 4949 5444 5564 6026 6240 4949 5383 5367 4757 5543 5305 4400 4179 4240 4453 4376 4895 5146 4973 5692 5272 4856 4269 4427 4666 4525 5376 4935 5307 5183 4272 3630 3678 3328 3692 4312 3726 4780 4675 4752 5145 4189 4853 4144 4072 4434 4100 4786 4450 4008
100 2
1314 -552 2740 1807 -2414 -5831 -8449 28 6680 223 -592 -636 -3536 1864 6230 -1118 -8155 -5800 1728 366 -7127 -4793 3062 1460 -2298 2810 2238 -1091 -1770 -1297 -3816 -2865 -2992 -7021 -1141 2721 3300 3374 -690 2739 1331 -3179 153 248 1850 5492 5870 -1672 44 8002 4803 -3341 -973 1939 -724 4422 1381 368 6200 4614 -937 -3948 699 965 -5797 -5878 -283 -2589 -2137 -1666 468 2618 1206 450 -187 2509 4073 -858 -7268 -5791 -6171 -6295 -7628 -4570 2628 293 822 1406 -4457 1679 400 -812 3061 -3931 -638 5835 3142 2291 939
100 2
-2552 -558 -1069 -2103 773 -133 -1590 -1059 -2510 -2175 -308 -1023 -582 -1234 -1873 -2562 -2974 -3857 -5754 -2201 1182 828 4 -1614 -2078 -855 -2581 -4187 -4460 -4073 -3617 -3434 -996 -355 -1878 -2703 -1910 -3518 -3587 -2398 -4205 -1992 -2257 -2927 -366 -1907 -954 -617 -2397 -2322 -2078 -3683 -1958 -966 -3591 -2740 -4142 -4529 -1699 -2796 -5660 -2588 -648 -1744 -912 -181 -2898 -1903 -1674 -1683 21 -2262 -2024 -1026 -1139 -3520 -4376 -795 -413 -1606 -3174 -4814 -2839 -1747 -768 55 -1033 -1091 168 912 1131 -1346 -2815 -1489 233 1542 -1063 -4230 -4276
100 2
-695 105 866 -2808 591 2798 3249 2380 -3081 -6238 -1772 3072 4661 3795 -1945 -2468 1715 -1917 -3865 -1087 -4085 -5069 -1338 1003 -1846 -1359 2026 67 -2366 628 3881 2267 3498 2683 -748 1177 927 -1126 3005 5357 993 1207 3812 -2120 -3281 -2303 -5084 -5808 -225 2450 -2596 116 839 1071 1688 -2105 -3900 -5580 -6966 -3356 3516 319 -4442 -3038 1365 -1225 -7293 -288 -122 -489 2111 -2288 -1429 1530 -173 -4209 -342 350 1097 3337 2508 275 -14 711 -4832 -503 1986 -1421 -574 1285 -356 36 1461 -3116 -461 2246 1496 -2029 -3992
100 2
1030 -1578 -3437 -1113 1862 1795 1239 4653 1591 2954 361 -7568 -1805 2630 -1366 -926 -2091 237 4864 3741 5460 2077 -1337 3530 6981 4647 1534 1174 -3420 -1270 1764 -933 -1229 -3904 1217 4481 3228 3998 4876 4916 -2125 -2465 2332 -1818 -7152 -7828 -249 4086 -6 -709 3481 5565 2779 -3547 -2001 1379 -4817 -1702 -1453 -1060 4193 5244 2283 942 -773 -18 2256 -3412 -606 711 412 -627 -3956 -1656 2619 5330 3817 -2239 -2011 -2493 -612 1854 592 1839 1967 2740 3902 4984 4792 5078 1708 1969 1341 -3155 -6413 -1539 4130 306 -1056
100 2
3194 -2325 8181 7725 5088 6276 -2398 -9619 7773 535 -2473 -8827 -1784 -6072 2862 -8947 9180 5888 -8259 -5180 -7877 9059 5244 -7052 248 5910 -3679 -68 -7469 5174 3823 6996 -8470 74 -594 3756 -1143 3321 -1715 7430 6546 -4692 3845 -3010 -9314 783 4068 1775 -8226 -7366 -9353 3578 3665 3282 1361 1590 -5719 5851 5181 9654 1042 4058 4399 8858 -1672 9723 3091 6050 7512 9019 8953 8607 6151 3842 8125 9429 3601 8096 -8391 2779 -468 8138 -4108 377 8170 -9140 9069 3683 -1693 -1222 -9010 -8037 914 -6862 -8697 -840 -1586 -3139 3719
100 2
736 9879 -283 9074 -2669 -7853 -4875 -6939 -6666 -6517 6430 -8576 -7850 -9672 -6752 -8892 -9914 -1987 812 -3019 -3569 5353 -3112 -9287 618 -46 1206 -7942 -7672 -6113 6762 3317 -8626 -5670 2503 8074 -3305 4209 4439 1187 -5980 6709 6881 5314 -6414 -765 -3810 -2044 7316 2207 5949 6227 8899 -3520 9634 2618 -4568 -4890 3606 1400 -5649 -7292 5683 -819 903 6947 6201 -350 -3974 -7849 583 6562 -9606 4850 -7533 -3200 -3649 -5115 4084 1506 -4437 4059 -5183 -4410 -9051 -5946 -4935 -4884 -7736 -7338 3096 9216 8550 -4357 937 4694 2394 1707 -9381
100 2
-4769 -4156 -2140 -4383 -1789 -6652 -6194 1177 -303 8238 -6681 -3971 -9637 6032 1590 8991 3248 2526 -752 1158 9009 -2272 -5268 -9176 -3153 5629 5355 4941 35 -2673 -7186 8770 -7960 -1150 -1661 -7953 5450 -9574 4441 -1504 -7250 1598 4183 -7687 -6330 -6352 9039 -9215 -4898 9149 -5888 -7593 7179 6844 6269 6083 1593 7192 -397 5199 -9722 -9078 6547 7256 -5907 -2443 -1333 -7543 6265 8902 -9287 -2786 -3800 3796 8142 -3314 5571 7734 -4671 -7155 3551 -824 7852 6129 7768 -5950 -9890 -631 9624 -4833 4960 -1758 128 -4406 6266 6790 824 5919 -4890
100 2
-6712 8918 -2976 -1781 7320 -8743 8566 9594 4473 -8297 -9473 9478 3221 8890 3701 -7195 3551 5299 -136 -6225 2762 -4845 -9461 -7624 5470 9895 8949 -479 1134 -2515 9119 4783 7742 -2843 -5188 2026 -1953 3285 -7339 -7483 3987 -5345 1602 7007 -5983 -9008 6816 9809 -2981 -7372 5676 118 7798 -8657 -8094 9238 -3021 -3337 -8414 -692 5987 903 8938 -7933 -8562 -6970 622 -2456 -705 3505 3095 7342 5270 438 9046 408 -4614 -4905 -4110 -682 1232 4793 -6046 5078 2661 -238 -2634 6934 -2277 -4712 389 7123 273 5738 -6443 4765 -1314 2290 -7353
100 5
9233 -9862 -3588 8747 -5440 4126 -7589 1583 516 4654 5987 1552 6729 -7797 4305 8990 -1584 5302 7566 3251 2598 -8706 -5743 -2009 4496 2895 3583 3247 -6309 5237 -5923 782 -1514 -5593 -1832 -8479 1622 2573 2441 4762 -1667 3935 -8897 -7293 -7976 6002 6448 -1673 -3379 338 8362 9113 -5405 -8408 4134 -3924 -4194 838 -4252 -3145 4853 -9623 4155 -8467 -8274 -148 1167 9013 5194 -1438 7037 3799 9770 7332 2847 2531 3096 6012 -8059 2354 3863 7580 -6196 6932 -3116 9413 9913 -6937 -721 3027 -7510 -5638 7562 3789 -3389 5413
100 5
-2536 4932 2520 466 3712 6518 3928 -9990 28 434 1208 3740 -3269 9931 -1188 163 -1024 -7824 4787 -6161 -3331 -2060 4158 -9956 1705 2015 9223 -2140 2085 4763 1816 -6425 3532 -9241 -3202 9817 -8402 5013 -8548 8477 -858 7466 -596 2612 -4073 8419 354 875 5793 4983 -4862 6925 6067 7423 4759 1818 5810 -3505 4378 -2757 -7159 -7049 -8910 1311 659 -8076 -3856 -7823 642 5633 9131 -3102 -6556 5892 9581 8410 558 -1727 2429 -9399 -9280 -8925 -8116 -3674 5671 9971 -7871 7437 4833 -6618 871 3337 8063 6445 -2037 8281
100 5
-347 -844 7666 371 -6363 703 -9654 8756 8883 -3306 5955 5569 3829 -1120 -8224 1959 5245 -6748 2792 -3536 -6539 5752 -2563 8486 9355 -3135 -3932 7030 7055 2122 -443 -9907 -7282 1838 7236 863 8814 1252 -9983 2785 8219 6755 4223 -5754 -1794 -6153 -4942 -8157 -9211 377 -1225 -6057 -2072 -1725 8542 -5131 3538 -8593 9068 -5532 9880 6997 -577 -9486 -1659 3973 3971 -7705 -7905 -5310 -8003 -9088 -5331 770 -1265 -9972 -5782 -9964 -7925 8828 -8496 -6206 35 6997 -4762 -7017 7909 -1162 -7954 -3503 -2305 -7304 -829 -7469 5959 9536
100 5
-5825 -435 7584 -2296 731 -2383 910 -5813 -7275 9206 -5459 -2365 -8452 6662 -2384 -837 -5955 -1477 6410 1485 7281 -940 4443 -8611 -5643 1859 -1239 7372 7903 6199 -3325 3986 9865 7055 -2372 3198 4820 465 1532 9073 515 -4852 -1162 6059 1094 4027 -6702 582 -8254 4422 4241 -245 -9099 -3945 4390 1639 96 -4108 -5459 4188 -1605 -2120 -5469 430 3937 2484 9491 6820 6038 -1306 -1927 -3457 -6322 834 2675 7560 4138 1580 6533 -3765 9213 -6155 -8215 -8567 1971 2800 -5072 -3993 5065 -1780 -6053 -3243 -8052 3399 -6538 7748
100 10
-6817 -3032 -3686 -3141 5948 -5020 -4122 -1079 -2320 -7461 -9025 285 -9881 8996 7373 759 -8626 3098 8814 3445 3377 3696 -5094 9530 8392 -5743 -3413 -937 3825 -7502 -8580 -8733 7100 4656 -4570 -3015 -1426 1474 7688 -5734 859 7912 8857 1471 1040 -6798 6756 4302 330 3365 2009 2261 -5539 -1549 -9624 1489 -6303 -8067 -9674 9295 -4537 -7339 -7604 -5110 4858 -3902 -2973 7506 9474 -3445 1909 8806 -5659 -42 -3141 -1623 -3290 455 -2336 2114 2372 -5438 7973 3380 -9671 3057 -60 -6354 1067 -1938 1440
100 10
5845 447 8697 -2228 -7083 -8628 2691 876 5610 3268 795 -3028 -2440 6017 -2443 3297 -6860 1060 -3611 8909 4833 -6690 4432 1547 6334 -1609 3183 1063 5950 8567 -8111 6632 6554 -112 7837 9150 -8614 2068 -199 -229 -3402 2558 4629 1757 4880 1941 6417 7295 -8957 5041 3803 -9987 5142 -5828 9649 -940 6104 -977 -4562 -8312 -2742 9785 -7790 7743 5548 7667 -5197 -5546 -5919 -1513 -8580 8893 -1412 -7938 1516 1494 4476 -3688 -3799 7378 -5426 -3943 -9664 -8204 -3664 -2373 8281 4580 -2284 4714 -8327
100 10
-2611 -418 2936 -9372 8620 -8563 4097 60 546 8813 -2005 9778 -7509 -5820 -7768 -3089 -5113 -5346 7159 2715 -7596 4687 9917 -9651 -3727 4959 -8114 -9986 -8072 -4715 -2328 3248 -3981 -7821 1106 3777 -6881 2256 5661 5500 -4133 -6153 -4254 -7635 -9433 -1700 -2286 -5360 1881 -3344 8236 907 6365 3575 -7195 -5928 -3699 -252 -5405 -6583 -7075 8712 -6056 -627 -2081 5514 3898 8895 6937 538 -3815 -4446 -9642 -1857 -1232 3722 6534 5293 4993 1518 9014 -7053 517 3966 -8242 7914 572 7066 8675 8376 -1095
100 10
-8882 123 -6172 -9779 -4530 1741 699 -5838 8886 -9910 6065 7224 1903 -53 4632 -1320 -5077 -5284 4826 -9385 -184 4745 4480 -5202 -112 8597 -9407 224 -8365 7367 -7884 -3018 -5628 -5977 -1486 -9708 -4255 -2943 9897 -8894 -4705 3965 2545 -3785 5064 -1555 9301 189 -1077 2795 -2199 -4255 8222 7321 1668 -9424 3141 8118 -6374 -3172 9788 -2630 9643 -6218 5286 -455 -6082 -5050 -4855 -1025 4678 -6440 1934 6625 5774 -5609 6206 3149 4830 -4475 5409 -8510 1626 -6112 7149 -5838 -2465 -424 -3262 3989 -4879
100 100
-9856
100 100
3544
100 100
-4854
100 100
-4426
2 2
8927
5 2
2605 8510 -2730 5744
10 2
-9464 9545 3972 -9011 -346 9836 7541 -1653 -6468
100 100
9948
100 2
-10000 10000 -10000 10000 -10000 10000 -10000 10000 -10000 10000 -10000 10000 -10000 10000 -10000 10000 -10000 10000 -10000 10000 -10000 10000 -10000 10000 -10000 10000 -10000 10000 -10000 10000 -10000 10000 -10000 10000 -10000 10000 -10000 10000 -10000 10000 -10000 10000 -10000 10000 -10000 10000 -10000 10000 -10000 10000 -10000 10000 -10000 10000 -10000 10000 -10000 10000 -10000 10000 -10000 10000 -10000 10000 -10000 10000 -10000 10000 -10000 10000 -10000 10000 -10000 10000 -10000 10000 -10000 10000 -10000 10000 -10000 10000 -10000 10000 -10000 10000 -10000 10000 -10000 10000 -10000 10000 -10000 10000 -10000 10000 -10000 10000 -10000
100 10
-10000 10000 -10000 10000 -10000 10000 -10000 10000 -10000 10000 -10000 10000 -10000 10000 -10000 10000 -10000 10000 -10000 10000 -10000 10000 -10000 10000 -10000 10000 -10000 10000 -10000 10000 -10000 10000 -10000 10000 -10000 10000 -10000 10000 -10000 10000 -10000 10000 -10000 10000 -10000 10000 -10000 10000 -10000 10000 -10000 10000 -10000 10000 -10000 10000 -10000 10000 -10000 10000 -10000 10000 -10000 10000 -10000 10000 -10000 10000 -10000 10000 -10000 10000 -10000 10000 -10000 10000 -10000 10000 -10000 10000 -10000 10000 -10000 10000 -10000 10000 -10000 10000 -10000 10000 -10000
100 20
-10000 10000 -10000 10000 -10000 10000 -10000 10000 -10000 10000 -10000 10000 -10000 10000 -10000 10000 -10000 10000 -10000 10000 -10000 10000 -10000 10000 -10000 10000 -10000 10000 -10000 10000 -10000 10000 -10000 10000 -10000 10000 -10000 10000 -10000 10000 -10000 10000 -10000 10000 -10000 10000 -10000 10000 -10000 10000 -10000 10000 -10000 10000 -10000 10000 -10000 10000 -10000 10000 -10000 10000 -10000 10000 -10000 10000 -10000 10000 -10000 10000 -10000 10000 -10000 10000 -10000 10000 -10000 10000 -10000 10000 -10000
100 100
-10000
100 3
-10000 10000 -10000 10000 -10000 10000 -10000 10000 -10000 10000 -10000 10000 -10000 10000 -10000 10000 -10000 10000 -10000 10000 -10000 10000 -10000 10000 -10000 10000 -10000 10000 -10000 10000 -10000 10000 -10000 10000 -10000 10000 -10000 10000 -10000 10000 -10000 10000 -10000 10000 -10000 10000 -10000 10000 -10000 10000 -10000 10000 -10000 10000 -10000 10000 -10000 10000 -10000 10000 -10000 10000 -10000 10000 -10000 10000 -10000 10000 -10000 10000 -10000 10000 -10000 10000 -10000 10000 -10000 10000 -10000 10000 -10000 10000 -10000 10000 -10000 10000 -10000 10000 -10000 10000 -10000 10000 -10000 10000 -10000 10000 -10000 10000
100 11
-10000 10000 -10000 10000 -10000 10000 -10000 10000 -10000 10000 -10000 10000 -10000 10000 -10000 10000 -10000 10000 -10000 10000 -10000 10000 -10000 10000 -10000 10000 -10000 10000 -10000 10000 -10000 10000 -10000 10000 -10000 10000 -10000 10000 -10000 10000 -10000 10000 -10000 10000 -10000 10000 -10000 10000 -10000 10000 -10000 10000 -10000 10000 -10000 10000 -10000 10000 -10000 10000 -10000 10000 -10000 10000 -10000 10000 -10000 10000 -10000 10000 -10000 10000 -10000 10000 -10000 10000 -10000 10000 -10000 10000 -10000 10000 -10000 10000 -10000 10000 -10000 10000 -10000 10000
100 21
-10000 10000 -10000 10000 -10000 10000 -10000 10000 -10000 10000 -10000 10000 -10000 10000 -10000 10000 -10000 10000 -10000 10000 -10000 10000 -10000 10000 -10000 10000 -10000 10000 -10000 10000 -10000 10000 -10000 10000 -10000 10000 -10000 10000 -10000 10000 -10000 10000 -10000 10000 -10000 10000 -10000 10000 -10000 10000 -10000 10000 -10000 10000 -10000 10000 -10000 10000 -10000 10000 -10000 10000 -10000 10000 -10000 10000 -10000 10000 -10000 10000 -10000 10000 -10000 10000 -10000 10000 -10000 10000 -10000 10000
100 99
-10000 10000
100 93
-952 -3595 -9519 7837 2623 8174 3183 3049
100 3
8696 364 8234 4394 -6980 1152 -8242 -3487 5666 5302 5697 -731 -2043 3085 -2154 5880 3997 7232 2951 6594 -3480 -1884 5658 -6324 -8020 3663 -379 7932 -1296 -8201 6252 4029 1241 7026 -9267 2839 -9619 1959 1194 -9555 7095 777 -1181 9011 87 -5837 7930 4551 3485 -1705 1268 -2678 -8233 52 -2811 738 1082 7310 2944 855 -7526 -551 1972 4343 2694 2182 4336 8203 9734 -9768 9046 -7402 2924 9458 -9963 -8844 -8550 -4845 6109 3097 3609 7682 -8656 6721 -5917 -1370 -3252 1973 2992 -8426 -6556 352 9560 3127 3431 5051 4567 -6518
100 66
-7591 220 9784 -3291 -2787 -3104 -9052 -118 8639 6115 -108 6324 9004 7634 1857 5851 -8859 640 -4608 681 -9199 8742 -3336 -5740 -9898 -4787 -1419 4430 5442 -8683 5325 -5769 282 -4844 -4101
100 11
3481 -8235 6235 -8524 -5741 -2278 -527 6789 -203 -8387 -290 -8387 -9702 9762 8492 483 6171 -6504 -9744 -2192 -4780 -8488 5208 6485 222 -4365 4177 -6789 -6042 7893 -2334 6770 -8079 9807 8617 -8701 6736 8522 -5225 -127 -420 -5814 8432 897 5676 -3358 3748 -385 -4492 9522 4820 4806 7653 -2916 -5084 -5541 3201 -4082 -6038 -5838 8383 -8289 7181 -557 -3030 3869 5162 9549 4750 5901 -9790 -9286 3164 2309 3658 32 -8916 -5616 9309 5018 -2548 -1665 9374 -1857 -4822 7822 5695 -4223 -504 -9442
100 52
2949 -6157 -9387 -4347 -852 7955 5033 4793 7794 -5258 8776 -7233 2215 -5647 855 1535 -1303 -581 2831 5588 8777 3191 -8823 4191 -2406 7525 -2174 -7235 -8191 9553 -6616 2622 7419 6481 4997 -7353 5207 -7627 -9866 -2433 8333 -4129 3200 340 -3096 4819 -344 9273 -8261
100 44
7981 5129 -1088 -3935 2898 5834 1260 -6507 9663 7437 -248 514 -9847 -3328 -8617 376 -4589 -92 -5857 -7750 -8235 5550 -8768 4774 -7280 -9741 -6758 6473 6961 1236 -1020 4515 1957 -6898 966 4103 -1674 -1120 -7455 -2359 -3666 7145 -4118 5985 235 -4647 1030 -6846 -1127 8023 9163 2989 -6584 -6585 4308 -8266 -1428
100 38
-5604 4441 -2714 5561 4368 -9821 -143 -6633 445 4794 4356 3943 4931 -8119 7923 9909 2432 -3035 414 -3770 1137 -1145 -8350 3779 3337 -2089 9691 -2314 1328 7432 3580 3337 -5205 277 -1837 -2122 9912 -3925 -2015 2067 7165 3723 -2048 3878 -2322 -3061 -1139 -4179 -3395 136 3688 -3248 1098 1211 9714 9827 5507 -2408 203 9892 5861 4022 -3307
100 19
2716 -8351 -4303 -9465 3320 4174 148 -7255 9743 -340 3119 -1755 8356 1187 -6499 1767 -4804 -1686 3844 686 -7704 4986 -5476 -650 4132 5314 4959 -8727 -7787 6904 -9467 -439 2988 417 -4625 4678 8498 -167 2652 -3358 -8892 -4811 -2461 8660 -4977 -6119 -7430 -4575 7349 -7352 -7828 7747 -5218 8371 4267 -6339 -4184 6727 2033 9193 -5331 1971 -2290 8654 4837 -1775 8231 -9534 3988 1500 3952 -72 -1654 8811 5611 7910 -8790 -6283 -4556 -7387 3431 2568
100 4
-8898 -3076 -1255 -6745 5511 5020 6799 6979 -2105 -2232 -7955 -2263 -2067 6142 1520 -132 2223 2721 -9749 3461 -1526 271 9107 5322 -7749 7874 -935 -1690 -7770 -6493 308 -2474 -9629 -7120 1840 2877 -6481 9314 5501 -6711 4427 -1169 -4782 7521 -7496 5353 6680 240 434 1719 2322 3021 3180 -7075 -4718 -1140 4349 4386 8182 -6502 9670 -9714 -8657 8807 -7613 8346 -6235 -9721 -6763 8301 1907 -7493 1230 260 5804 7123 4101 -9577 58 5114 6235 1556 -6584 9477 2536 -3976 754 -5361 -9779 5071 9739 5807 3546 -429 -8424 3836 -27
100 8
555 -5227 -6908 -4659 -1231 5281 -7801 -7229 9015 -958 -7482 -3216 -856 -2613 -690 -3287 -9069 6560 4810 304 9787 2377 3351 2952 -7895 -8197 -3758 -7645 9992 6912 7325 643 9077 6475 5657 9135 4345 849 -1922 -4269 -4439 -2865 -3494 7585 -7924 -9773 2165 -2427 -8218 -2120 -5893 5152 1266 5760 -8393 -139 4591 9803 7005 -8213 5048 -1387 5593 265 -1909 8593 -8162 -7179 2693 8947 -54 1716 -351 5501 7495 1861 5920 565 -1860 9286 4938 2175 7536 5571 -8033 5060 9851 6849 -190 9795 -5956 8954 9712
100 37
-9737 6567 3477 4735 -5536 8824 3623 6718 -5693 5910 1302 6111 -4122 -5062 -7079 3058 -5933 -844 -7722 4912 -8239 1859 8426 8307 -7435 -6872 -5054 6972 -183 5856 -6195 3878 2650 1135 -2523 6923 232 -7875 6192 -5567 -3482 -6164 4139 -2356 -7704 8255 2468 8328 3179 2499 7400 9670 -1602 -4186 -2276 8061 2206 7268 -394 -6807 -7312 1143 -788 7381
100 22
-7163 9355 4266 -7446 6391 5334 -1278 -4720 3559 9514 -7781 3293 3827 1029 -5937 1907 -1868 -2926 -8752 3967 9118 3614 -4910 2711 -7070 -8768 -714 474 -2004 -2188 -5741 3969 3165 -2691 -1254 -6550 -3555 2412 4519 -1546 -5994 -4803 -3466 -5715 -3512 -6794 8593 -510 -7321 -8236 -5819 -3931 -3733 2780 -8421 2625 7831 -9155 -2920 936 4054 -8681 9281 -5559 -8984 -8146 -8851 -9323 9456 7190 -7466 4867 97 8090 1988 2490 -4428 7829 -2510
100 67
-1175 6355 6067 5489 -284 6576 7266 5379 -1220 4669 -236 -589 1172 -8274 -5371 -8263 -1622 7967 3140 8142 5162 1494 -3712 -1171 -318 9841 -6842 2069 1284 -3223 -5553 -6287 -9061 4840
100 34
-3152 -5105 7278 -10000 4036 3256 6817 667 -7708 3990 7935 -6515 1682 -909 -9303 8144 9001 5099 -2185 -7095 8747 -8174 2544 -6425 -7525 -6835 4025 -251 -3656 -3509 6245 -6747 2456 -1185 524 5175 8243 4371 6735 -3059 1818 7775 4632 5848 9940 -6803 2537 9951 -1371 -5130 -1341 -4693 691 -7468 -8997 -3791 -6468 -6572 2935 4233 -4888 -9955 5368 1641 -8727 4037 -7977
100 5
4394 -4956 -374 -377 -1815 549 -7880 -2938 6882 -2802 6398 5667 5203 7992 -4032 -4330 3510 -6563 4917 5159 -2844 -9944 9317 -6495 -5281 -901 2239 7623 4253 -5218 2099 -1561 -7651 2228 4851 7393 -606 2669 2051 -1640 -8041 -8879 7541 6429 7515 -2638 -9990 -2994 -5192 993 2413 -7653 -8885 -9957 6874 3407 5854 -518 -8932 8190 -328 9065 6896 -428 1165 -4372 -3782 -6694 4445 -3463 5314 8005 6303 -2176 -4552 6526 3773 -9959 7581 -5740 7234 5611 -1382 8557 5042 -4090 2249 9268 -7932 8000 -7315 6244 -3081 -8412 -719 604
100 53
4325 9849 5019 -9484 -6729 -9396 -6424 -153 -835 4572 3104 6185 8958 -780 7494 -277 6723 -5574 2155 -8748 -272 -440 7516 5299 2672 -3155 4899 -8166 6271 601 3767 -1756 -7975 74 -5487 -9505 7893 6617 3528 -9659 2565 8044 8554 -3217 5248 2035 5867 -8923
100 33
8411 -4541 -7525 4630 -4119 1160 2902 -2480 9074 -7944 -3031 -9851 5372 -5680 9790 -9626 556 -143 -9744 8408 2356 8778 -9122 2506 7617 8788 2119 -6405 9005 -2337 2793 -6676 3796 7408 8466 -8627 6569 -9907 9415 9359 -6333 -4599 2389 4547 7836 1223 -9642 5571 5751 -1997 6144 2210 8970 -6552 -6505 -2089 -3104 9037 8978 3544 -7101 -6995 4296 -2410 6841 5880 6582 8496
100 98
-5457 -2243 8191
100 71
-6057 8497 7190 -279 -9618 5824 -7848 -5737 4806 1955 6234 -877 -1803 -751 4737 -5626 1733 -5657 6065 -7731 9999 -6587 -1005 -5155 -7615 -7925 -1873 2703 -1328 5990
100 42
-4500 -6052 -1290 -2015 3912 5308 -4530 673 5246 -3826 -8944 824 1157 1371 -2138 5846 1980 -9890 -5360 -5080 72 -8803 -2523 971 -7496 -863 625 -1714 -5629 2373 9834 4454 6418 3268 1156 -1487 4396 2610 -7543 9958 667 -8783 2283 -7000 -1410 2076 -3166 6182 6948 9660 -9094 5204 1307 -6059 4454 -975 -1663 740 -188
100 6
7472 -3779 -5263 7998 -7560 3887 -4792 -3052 8820 8114 9998 4839 650 7314 -5274 5247 -7150 1950 9738 9396 -8338 -337 -2569 -8802 -7069 -3215 132 -8111 -5093 7778 9295 1406 7908 -8929 1537 5296 -9425 9178 -8051 2530 7813 3661 3327 3309 4477 5266 -1639 -2670 7633 -7193 6664 -6760 -1741 -9832 6579 -537 5241 300 6861 9576 5 -8131 3828 -8209 -6948 8332 -8071 -3008 5531 4989 -2975 -6215 -5755 4595 -4880 -6657 -5406 8497 6496 -611 1692 -9990 7956 -4859 -5729 9841 -1634 -1182 -6085 8540 1019 9733 -5242 -7699 4759
100 12
533 -4763 -1876 -4977 9871 -6416 -3898 9182 -9374 5985 6539 -3061 -1299 -4450 -308 -9106 9658 -9951 -4228 1398 3687 2409 921 -6840 -4471 596 -8810 -9459 -585 5661 -9365 9585 -953 -6131 -9292 996 8338 164 2495 9727 -6594 3761 2192 -7845 844 4868 -4856 -4751 7138 -6621 -3068 -3945 1533 4382 7361 -4590 2560 5940 -4788 5422 -8782 -3820 3437 -4821 -5248 -3784 -5117 7584 -2397 -8838 6781 -8127 743 -2224 -1569 -5204 -677 7027 3643 4374 8076 -2520 -4779 -367 6533 -4625 2328 -3416 2742
100 26
-3222 -4581 -4300 -1194 7240 -8230 -6033 -9548 1994 7465 3651 8606 -3872 2586 4460 1857 4358 3698 6109 8618 5631 657 -3661 9765 9693 -7797 -3312 695 8890 9184 9675 -2958 -207 3300 -4959 -9823 -1937 -6780 7388 5496 8313 -8308 7014 7887 -1562 -7619 -4721 -3450 5936 9803 6410 -7199 2493 4573 7195 5149 -9231 -2170 -5144 7709 3434 -1717 -5109 -5201 8427 5560 -6991 -6370 -6872 -3618 4918 3164 5453 -9897 -492
100 8
-212 -2404 5265 -1062 1021 -6502 412 2401 6482 6602 2197 882 -7015 9996 -1064 7076 -485 -2151 -6273 -1455 -9207 9166 -6007 -471 -9368 7917 5653 -7562 4979 1036 -4117 -7932 3418 -4428 -8542 -179 4651 7578 885 7143 569 4419 8980 6880 -7722 -1316 9966 -8935 -3874 -9681 -9143 -5241 -5433 -3106 4803 -8317 7252 7928 -5799 9184 -6387 -4476 2085 6826 2833 -3571 -7134 9060 1651 6903 5538 -1950 -4370 2675 -358 -7301 4849 9499 -7658 -2360 6698 7186 -8236 4010 4669 4110 -33 1699 4752 -5222 -272 -7239 2075
100 29
-4094 -5374 -308 -829 6968 793 -7105 -9580 -6407 -7456 116 -4382 5193 1627 -4625 649 -3819 -5965 9254 -6632 -5113 6788 -1646 2849 -8600 9890 -4838 -2724 -341 5756 2604 -530 -3851 -8797 -2427 4506 758 -411 7129 2792 3396 7751 -7033 -8998 -2552 4549 -8277 -3164 -9401 3972 5413 9510 455 -6498 -3072 4794 -1683 8865 -1489 -2293 7523 -5894 -7890 -7723 7512 -1421 -3309 8289 2247 -5540 2551 -338
100 42
1781 3485 1598 -5867 4900 1333 -5762 -5601 -2093 1313 3808 -4465 -1042 -3023 1036 122 -461 -2595 -1066 8920 8295 -6826 -4975 5138 -3925 -6794 -818 -8230 4454 2307 1902 7913 -5463 8538 -6235 -2847 500 7280 3807 6962 -6450 -5921 2686 -2883 -8042 8319 -8647 4688 5784 1115 -6528 -7284 -8985 -8761 -2436 -7746 7582 -7984 9528
100 21
748 4213 -1334 -4679 938 -1382 -4331 -9550 -2707 4839 3578 4690 1903 7111 -1913 5241 -3954 -8424 -308 1574 9789 4496 8911 3841 8567 -6163 3623 -9879 7844 7835 2485 -5650 7941 7159 4810 -7433 -3871 -3094 -4682 -6860 -8858 -155 -1188 7526 9096 -7154 -9468 -6781 -300 -414 8115 -9225 -4514 7453 562 6917 -1526 -8970 -9581 -422 3899 9234 -2065 -2009 -5283 -4068 8553 8795 7748 -1462 459 5675 4583 -7056 6353 1012 498 5265 4769 -2396
100 12
513 -3398 2816 8290 3804 8848 9929 -219 -4881 2199 7477 3111 -6703 -1085 -5474 9842 4444 -2965 -3721 -6536 -6680 -8086 2242 -9036 4719 8326 -3405 3836 -7701 6248 -8097 -520 3878 7102 -1814 7268 -3413 1864 6616 9745 7612 6486 6552 7593 9525 210 7352 -4988 1897 -9353 9969 -1275 -1933 4667 -3556 4346 1952 -1041 -23 -5307 -5661 7031 -4587 9141 5478 8359 989 -4399 -4593 -7403 -8250 -9765 9412 -6884 6084 1951 -4096 8445 -3903 -293 -3092 363 -1195 2267 1200 8430 9105 -9093 2506
100 35
-483 7708 6558 6241 9938 8762 3619 1137 -5836 -2040 -3173 -3760 -428 4040 -9708 9783 7165 -9832 8047 9769 4432 1320 -9541 -7902 3270 -8657 8242 -2907 -5108 -690 -7133 -2371 7974 8190 -9670 -8861 5923 -4795 909 5326 3729 8032 -3982 -2914 2929 -5967 6752 6938 -2780 7635 1935 3593 -7711 -8298 3295 -7835 2815 -8677 5572 -1124 154 1572 -8863 346 1852 -2155
100 79
2710 -9010 1117 -6503 3286 -7295 -3279 -9047 184 6262 1844 -5727 5621 -3046 -4641 7217 7546 1074 -1824 -3426 -2455 4538
