100
10 2
1 2 3 4 5 6 7 8 9
100 100
-100
7 3
0 12 0 12 0
100 50
0 62 0 62 124 186 124 186 124 62 124 62 0 62 0 -62 0 62 124 186 248 310 248 310 372 310 248 186 124 62 124 62 0 -62 0 -62 -124 -152 -214 -276 -214 -276 -214 -276 -338 -276 -338 -276 -214 -276 -214
100 2
-3228 -470 -1454 -4039 -3924 -4107 -5414 -5811 -5677 -4018 -2022 -1755 -1817 -929 -3312 -4194 -3664 -3179 -3019 -3654 -4833 -3438 -1153 -1986 -1872 -3939 -6366 -4287 -3541 -4095 -2001 -3424 -5770 -3610 -1216 -1472 -2184 -2137 -4064 -5915 -4649 -3813 -3393 -1655 -3063 -4610 -3989 -3059 -1730 -1033 -913 -4057 -3610 -1240 -3462 -3004 -1439 -3011 -4009 -3076 -4628 -6229 -4453 -4273 -3744 -2631 -2544 -1218 -1599 -3082 -2677 -1471 -2346 -2597 -3342 -5129 -5472 -4219 -4052 -4689 -2915 -1283 -3339 -3755 -3080 -4674 -4592 -5279 -5287 -3570 -1645 -620 -1073 -1200 -2096 -2261 -1851 -1953 -2954
100 50
0 171 0 171 0 171 0 171 0 171 0 -171 -342 -513 -342 -171 0 -171 0 -158 13 184 355 526 697 526 697 526 355 184 13 -158 13 184 13 -158 13 -158 -329 -158 -329 -158 -329 -500 -671 -842 -1013 -842 -671 -842 -1013
100 50
0 79 0 79 0 79 158 79 158 237 316 237 158 79 158 79 105 26 105 26 -53 -132 -53 -132 -53 -132 -53 -132 -53 26 -53 26 -53 26 105 184 263 342 263 184 263 184 263 342 421 500 421 500 579 658 737
100 50
0 215 0 215 0 215 0 215 0 215 0 -215 -430 -645 -430 -215 0 -215 0 -71 144 359 574 789 1004 789 1004 789 574 359 144 -71 144 359 144 -71 144 -71 -286 -71 -286 -71 -286 -501 -716 -931 -1146 -931 -716 -931 -1146
100 50
0 108 0 108 0 -108 -216 -108 0 -108 0 108 216 324 432 324 432 540 648 756 864 756 864 972 1080 1188 1296 1188 1080 1188 1296 1188 1080 972 864 972 864 972 1080 972 864 769 661 769 661 553 445 553 661 553 661
100 50
0 211 422 633 844 1055 1266 1055 844 1055 844 1055 1266 1477 1266 1477 1688 1899 2110 1899 1688 1477 1688 1899 1688 1899 2110 1899 1688 1477 1688 1899 1732 1943 2154 1943 2154 1943 1732 1521 1310 1521 1310 1099 1310 1521 1310 1521 1732 1943 2154
100 50
0 230 460 230 460 690 920 1150 1380 1150 920 719 489 719 949 719 949 719 489 719 489 259 29 259 29 259 29 -201 29 -201 -431 -201 -431 -661 -891 -1121 -1351 -1121 -891 -1121 -1351 -1581 -1811 -1581 -1351 -1581 -1811 -1581 -1811 -1581 -1351
100 50
0 1 0 1 2 3 2 3 2 1 2 1 0 1 0 -1 0 1 2 3 4 5 4 5 6 5 4 3 2 1 2 1 0 -1 0 -1 -2 -2 -3 -4 -3 -4 -3 -4 -5 -4 -5 -4 -3 -4 -3
100 50
0 -213 0 213 426 213 0 -213 0 213 426 213 0 -213 -426 -213 -426 -639 -852 -793 -580 -367 -154 -367 -580 -793 -580 -793 -1006 -793 -1006 -1219 -1432 -1219 -1432 -1219 -1432 -1219 -1432 -1219 -1006 -793 -1006 -793 -1006 -793 -580 -793 -580 -793 -1006
100 50
0 -10 0 -10 0 -10 -20 -10 -20 -30 -20 -10 -20 -10 0 -10 0 10 20 10 0 10 20 30 20 30 40 30 40 50 60 50 40 50 60 50 60 50 60 50 52 62 52 62 72 82 72 82 92 102 112
100 50
0 64 -20 -104 -188 -104 -20 -104 -20 -104 -188 -272 -356 -440 -356 -272 -356 -440 -356 -440 -356 -272 -188 -272 -356 -440 -356 -440 -524 -608 -524 -608 -524 -608 -692 -776 -692 -776 -692 -608 -524 -608 -692 -608 -524 -608 -524 -608 -692 -608 -692
100 50
0 32 64 32 62 30 -2 -34 -2 -34 -66 -98 -130 -98 -66 -98 -66 -34 -2 -34 -66 -34 -2 -34 -2 -34 -66 -98 -130 -162 -130 -98 -130 -162 -194 -162 -130 -98 -130 -98 -130 -98 -66 -34 -2 30 -2 30 -2 -34 -2
100 50
115 -136 115 366 115 -136 -387 -638 -889 -1140 -1391 -1140 -889 -638 -387 -638 -387 -638 -387 -136 115 -136 -387 -638 -387 -136 -387 -136 115 366 617 868 617 868 617 868 1119 1370 1119 868 617 366 617 366 115 366 115 -136 -387 -638 -387
100 50
-625 -291 -625 -959 -625 -291 -625 -291 43 -291 43 377 43 377 711 377 43 -291 43 -291 -625 -291 -625 -959 -1293 -959 -625 -959 -1293 -959 -625 -291 -625 -959 -625 -959 -625 -959 -1293 -959 -625 -291 43 -291 43 -291 43 377 711 1045 711
100 50
1781 1495 1781 1495 1209 1495 1209 923 1209 923 637 351 65 351 637 923 1209 923 637 351 637 351 637 351 65 351 65 -221 65 -221 -507 -793 -1079 -1365 -1651 -1365 -1651 -1365 -1651 -1365 -1651 -1365 -1651 -1365 -1079 -1365 -1651 -1937 -2223 -1937 -1651
100 50
579 247 -85 -417 -749 -1081 -749 -417 -749 -417 -749 -1081 -749 -1081 -1413 -1745 -1413 -1081 -749 -417 -85 247 -85 -417 -85 -417 -85 247 579 247 -85 247 -85 -417 -749 -417 -85 -417 -85 -417 -749 -417 -749 -417 -749 -417 -749 -417 -749 -1081 -749
100 50
-721 -652 -650 -686 -617 -551 -597 -663 -718 -714 -715 -696 -673 -742 -811 -880 -921 -892 -904 -835 -845 -816 -747 -816 -885 -912 -974 -995 -926 -995 -1064 -1133 -1202 -1271 -1249 -1270 -1213 -1234 -1303 -1372 -1441 -1400 -1401 -1470 -1539 -1470 -1401 -1332 -1263 -1207 -1138
100 50
1452 1383 1627 1383 1139 1268 1198 1442 1414 1200 956 781 1025 1076 1320 1076 832 603 754 902 1035 1279 1523 1334 1226 1470 1272 1459 1455 1413 1169 1413 1538 1294 1207 1451 1695 1939 2183 2065 1864 2108 2292 2048 2256 2012 2256 2500 2661 2905 3108
100 50
854 880 845 880 854 841 860 895 930 965 930 895 865 866 896 871 836 871 906 941 920 898 930 895 888 884 849 814 817 786 762 738 726 691 661 696 726 691 700 687 715 680 715 680 645 610 575 610 575 564 532
100 50
401 254 132 235 382 303 313 166 313 460 405 380 527 458 461 345 327 395 448 301 154 96 -51 96 243 390 243 390 537 605 752 676 547 400 360 507 371 228 81 54 42 189 336 345 492 533 386 239 115 221 368
100 25
655 561 487 -58 -42 -35 79 91 236 -176 369 733 792 793 575 343 263 778 864 1409 1048 503 735 901 364 315 66 411 745 1034 832 514 -31 369 591 501 682 1168 1502 1400 1798 2096 1551 1801 1638 2183 2452 1907 2109 2101 2518 2589 2044 1878 1840 2385 2158 2431 2248 2028 1577 1566 1158 613 1158 898 353 759 966 653 429 677 753 930 1371 1499
100 25
1799 1534 1110 896 696 231 625 136 -254 41 -446 -632 -249 159 255 176 314 411 661 776 661 339 726 569 711 822 765 700 425 735 889 473 580 481 -8 245 105 -190 -225 -377 -542 -1031 -1090 -1143 -1432 -1645 -1760 -2011 -2247 -2255 -2744 -2255 -1819 -1590 -1411 -1076 -1149 -838 -481 -3 233 720 724 523 186 675 744 314 2 -127 362 851 1204 1108 1463 1657
100 25
34 209 181 302 446 404 340 532 785 799 614 796 739 920 955 999 1325 1317 1241 1186 869 1079 929 1014 891 936 1087 1413 1087 1269 1302 1628 1762 1621 1933 2259 2332 2584 2729 2442 2652 2401 2422 2429 2158 2149 1947 1854 1719 1723 1779 1656 1571 1792 1536 1829 1599 1489 1703 1536 1314 1211 1285 1152 1113 846 917 1222 1541 1752 1892 1779 2105 2046 1839 1590
100 25
-203 -364 -687 -556 -760 -731 -1311 -1583 -2163 -2017 -2597 -2017 -1549 -1720 -1697 -1761 -1489 -1526 -965 -385 195 -214 -376 -956 -749 -169 -348 188 40 -318 233 282 862 1231 1645 1692 1649 1317 1074 1071 883 1089 1129 639 338 76 656 535 628 48 -100 -340 -920 -340 53 -507 -215 -485 -524 -1104 -953 -1382 -938 -803 -243 -109 -99 -90 -180 -111 -373 -391 -688 -601 -232 -467
100 25
228 270 232 282 240 242 266 298 308 396 541 540 538 623 651 796 775 708 734 745 813 668 523 429 462 317 348 371 287 291 393 433 449 370 380 372 321 280 210 93 15 160 305 234 299 154 215 283 415 353 379 389 352 458 396 354 404 475 620 475 448 549 653 613 613 602 462 352 417 386 499 474 520 455 534 577
100 25
3708 3584 3360 3455 3406 3196 3524 3779 4023 3758 3936 3998 4537 4402 3826 4402 4103 3879 3498 3641 3470 3225 3461 3967 3395 3880 4110 3758 4085 4193 4044 3672 3466 3412 3135 2559 2036 2051 2147 2288 1774 2264 2840 3165 2749 2650 2806 2444 2062 2468 2293 2639 2875 3029 2501 2415 2660 2486 2104 2680 3084 3650 3237 3688 4005 4314 4285 3937 3771 3954 3679 3374 3950 3868 3458 3505
100 25
1779 1489 1377 1438 1841 1811 1854 1526 1122 1591 1576 1692 1523 1215 1401 1861 1776 1400 1288 1439 1637 1269 1641 1927 1839 1769 1900 2369 2718 2754 2462 2888 3078 3013 2642 2461 2470 2835 3223 3506 3116 3349 3397 3488 3428 3412 3790 3774 3434 3472 3941 3913 3691 3617 3295 3764 3692 3971 3995 4365 4834 4365 4192 3937 3717 3929 3651 3522 3891 4157 4151 4080 4112 4172 3802 3394
100 25
69 494 247 238 394 1042 1782 2033 2718 2880 2183 2203 1449 1287 1719 1983 2068 2093 2362 1771 1915 2275 1792 2299 2292 2087 2068 2284 2817 3084 2330 1753 1615 1200 446 389 381 636 1390 884 327 874 1476 1330 1832 2125 1822 1551 1168 1058 1063 516 790 509 672 1351 1259 1201 1685 2179 2867 3609 3507 3251 4005 4072 3956 4009 4159 3609 2963 2610 3092 3464 3557 4306
100 25
3534 3887 3744 4129 3593 4034 3512 3827 3541 3711 3381 3586 3224 2825 2775 2750 3200 3611 3920 4209 4137 4150 3622 3581 3558 3240 2689 3187 2636 2921 2530 3011 2585 3050 2533 2843 2682 3141 3466 3538 3181 2853 2906 2625 2087 2001 2396 2666 2616 2883 3032 3463 3496 3521 3717 3736 3433 3892 3803 4294 4236 4743 4835 5038 5043 5120 5020 4742 4932 4919 4884 4608 4606 4654 4643 4659
100 25
-1265 -1249 -1248 -1237 -1246 -1251 -1243 -1238 -1245 -1262 -1262 -1267 -1269 -1275 -1263 -1271 -1265 -1280 -1295 -1286 -1288 -1281 -1292 -1306 -1312 -1298 -1316 -1307 -1319 -1319 -1311 -1314 -1301 -1303 -1303 -1289 -1282 -1290 -1293 -1301 -1301 -1299 -1289 -1288 -1280 -1277 -1286 -1277 -1269 -1263 -1277 -1258 -1266 -1270 -1279 -1270 -1282 -1299 -1285 -1279 -1289 -1308 -1311 -1313 -1302 -1289 -1279 -1290 -1293 -1311 -1317 -1298 -1300 -1313 -1314 -1295
100 25
5573 5303 5176 5314 4850 4961 4559 4440 4048 3626 3969 3605 3581 3207 3180 3213 3431 3302 3286 3569 3566 3947 4236 4279 4544 4960 4853 4673 4338 4668 4682 4831 5050 5421 5860 5396 5636 6014 6236 6210 6034 6181 6407 6631 6676 6232 6125 5661 5764 5791 5600 5588 5431 5396 5113 5431 5670 5540 5477 5070 5381 5326 5276 5134 5502 5775 5574 5371 5590 5363 5496 5562 5781 5420 5383 5110
100 25
3926 3755 3761 4180 4372 3955 3778 3884 3924 3614 3741 3854 3994 3919 4159 3733 3770 3718 3563 3733 3581 4038 3639 3983 3877 3945 4406 4239 3997 3621 3985 3857 4186 4175 4271 3977 3984 3567 3306 3437 3662 3695 3547 3939 4143 4178 4173 4105 3807 4020 3939 3945 4363 4330 4706 4741 4926 4958 4781 5152 5124 5228 5506 5762 5723 5651 5602 5389 5464 5322 5476 5172 5418 5262 5111 5395
100 4
6076 5789 4930 5127 4012 3931 5093 4250 4036 4085 3927 3856 4061 4562 3640 4330 4431 3917 4109 4363 4556 4507 5043 4115 3994 4052 4419 5329 5058 4879 3502 3049 4044 4911 5299 4473 4759 4887 5440 6787 6781 7074 6032 5356 4531 3184 3699 3115 2488 2555 2593 3850 4170 4831 5680 5298 5945 5249 5068 4947 3999 4940 4302 3836 4897 3911 4765 5698 4873 4755 3534 2297 3359 4279 4209 5572 5465 4634 5035 4035 3943 5148 5358 5246 4129 3773 4228 3948 4091 3864 3455 3537 3805 3210 3812 4090 4936
100 4
990 507 -756 483 -1739 -2979 -2930 -3482 -2725 -2580 -2393 -2128 -3050 -3972 -5033 -3833 -3685 -3082 -631 -2282 -190 195 -491 -280 -2218 -1233 -1557 -571 1747 2402 3109 1349 880 649 -325 1771 1265 780 1885 195 -356 -428 -778 -892 -2021 -3633 -4988 -4283 -3182 -2806 -768 -522 -616 -295 -1791 -2262 -1780 -2308 -1810 -2516 -1538 -1723 -3133 -744 -1080 394 2503 1883 172 -592 -1864 -1044 -1230 -560 -1178 -2674 -921 -2377 -1569 -1891 -3039 -958 -64 -94 89 279 -1029 -1329 -739 -1471 -829 757 -76 681 183 553 520
100 4
918 -3165 -1016 1707 4231 7291 6490 5373 1816 1295 -834 -555 2470 4111 6491 7357 7366 5696 3710 4714 5683 6160 4890 800 -126 -576 2088 2034 2338 464 -998 2892 -178 1030 3606 237 2204 1407 -2115 1182 -1242 471 1381 -212 3356 2297 4837 3339 4049 5463 1935 5486 4565 3250 3226 3099 1778 2988 5755 4951 4245 3734 4325 2320 1487 984 1605 2295 2149 3998 1755 999 1489 935 3099 5594 6502 6534 3484 2590 4445 2931 4372 2637 -219 -826 -2113 400 2244 1082 -183 -42 -1813 -1741 1036 1216 2983
100 2
4417 2943 585 797 -581 159 3393 4422 478 1300 2300 -2967 -4496 -288 2462 -528 2379 1935 -2017 -2205 -3937 1547 4684 3221 6165 5840 1925 2328 4624 1282 -3046 -619 1175 -2937 -129 367 -2384 2635 628 -383 6447 3229 145 256 -2413 -420 2354 5574 8946 8625 1117 1665 2747 -1359 1465 5303 3875 1181 1384 896 -2122 829 5176 -442 -345 -1812 -4000 3429 4036 3080 1776 198 4582 978 626 6213 6456 -517 1399 3008 -2440 1989 -318 -5322 -3995 1997 7047 4527 263 3607 7895 2749 -1895 -2362 -1133 -864 1635 80 -3710
100 2
-2618 -2463 -2465 -2625 -2398 -2460 -2414 -2212 -2006 -1958 -1931 -1905 -2239 -2680 -2808 -2629 -2527 -2578 -2618 -2552 -2306 -2098 -1938 -2141 -2427 -2576 -2335 -2041 -2439 -2776 -2713 -2652 -2433 -1859 -2170 -2474 -2045 -2082 -2465 -2683 -2819 -2418 -2344 -2664 -2356 -1879 -1828 -2264 -2168 -1969 -2409 -2868 -2352 -1660 -2158 -2445 -1961 -1851 -2296 -2589 -2832 -2521 -2077 -2481 -2311 -1898 -2509 -2349 -1719 -1987 -1938 -2351 -2521 -2222 -2348 -1990 -2355 -2718 -2266 -2535 -2344 -1719 -2282 -2373 -1976 -2473 -2405 -2291 -2668 -2322 -2032 -2006 -2445 -2347 -2004 -2491 -2703 -2328 -2481
100 2
3118 917 94 628 -504 1111 1633 130 -960 -1236 -900 -1295 -2632 -945 -336 -1485 -1258 -506 1985 1015 -1370 -83 -134 1162 1018 1517 2962 769 -862 -1063 -730 104 -378 648 1276 629 876 -1234 1006 2438 -49 -158 -785 403 3106 4015 2396 1353 2762 2865 281 1258 3621 1028 1480 3245 3021 3537 529 -2105 -832 1347 1226 226 2591 766 -2450 1172 1655 -1199 -1539 778 1185 1323 1007 -796 590 -65 -1525 -1776 -1577 -1985 -1378 -1443 -2491 -1992 114 2704 3429 2699 888 1658 1538 -1483 -671 1544 512 -361 2193
100 2
1588 5637 1437 -408 1000 134 -787 -2121 -283 3991 2160 -1418 -926 1725 2019 -151 1895 4382 5037 2885 -896 -452 2379 3662 2843 3869 2613 -719 -259 -251 -1392 782 716 -1429 2780 3679 1474 522 1547 3112 3764 5169 4848 4986 3410 -607 -387 3617 3643 1809 548 -799 -820 -1812 -2677 -2355 532 4489 5068 3361 -89 1693 2819 506 3225 1498 -1743 1247 3431 2463 3046 3320 4249 2398 -836 2215 1067 -1072 2954 2539 1334 3335 2984 3151 1051 -325 1577 3063 2932 2795 4117 2210 780 2027 -49 -331 -143 -1269 -13
100 2
-3232 2992 -6672 7940 6322 7149 -1505 -1458 -4512 6171 -9240 2337 5340 4893 7727 -9202 1904 1928 -5443 -2149 1060 3724 1970 9037 -418 3004 -4028 -6589 2330 6704 -3682 8701 3032 4148 4726 -3853 9802 6143 7360 -8379 3303 -6175 -5147 4825 -5321 1927 -4256 -5474 7289 7610 -7807 -804 -5842 2716 -2045 3083 7949 8045 -1875 1184 4681 -4928 -9048 -4225 -5392 236 7379 -7990 -5786 -7998 -2043 7702 -9492 3239 -2286 -1008 -3018 -5196 1561 557 -9188 6374 6120 4397 1643 -7892 -3979 3756 2414 4467 -1802 8717 355 -3740 2933 7994 -5065 -695 -2969
100 2
-5512 4989 9123 -7371 1986 2618 -2218 -8836 6652 -2240 8496 9563 6560 190 9060 4775 4502 -8592 4339 -4091 5552 -8705 -8625 -4821 -8781 1003 7942 8588 -9804 5853 -1813 -7904 4775 -9645 4013 2922 5365 7747 -3656 8009 2148 -4480 -3545 537 3547 -7328 -9806 -4950 7301 6494 4207 -5725 -381 6693 6654 9987 -1217 -8155 -8836 -8850 2779 8790 2855 1311 -9195 7338 -6425 8576 9430 5444 7747 -2995 -9226 -4077 -1811 6792 -6772 -7095 5608 -2017 179 3162 -3250 5592 -6136 4744 1825 898 -2687 -259 3129 -661 -9607 -1395 -7237 8437 5157 -220 -1248
100 2
9939 1544 5072 6819 -2607 -1069 -6135 -1183 -1686 -6213 9998 -3288 -4677 -6604 1599 -6731 -8597 7990 -6900 -2850 1300 3273 -4026 -4688 987 -2715 -3456 -9476 5935 -343 4261 3724 -2541 883 -1624 -9503 5616 7215 -4492 -8962 5413 4349 -9611 8056 6626 1990 7819 8152 -6058 4329 7126 8329 7397 8007 -1979 -1786 6627 -4681 2868 -3949 4785 219 2205 -2312 7200 3483 -3877 -5905 9361 -3137 -4659 5634 -5998 6231 1437 -564 5623 2372 106 5086 -983 9127 2650 -3132 3701 5831 -435 -1006 -7990 1540 -7281 -5772 -9302 4995 -7150 -5303 4341 -6678 -8621
100 2
9412 2348 -2888 351 -5460 -1330 -468 -6083 9676 -2442 -8661 1204 -1292 2382 -3201 981 4447 -801 8615 -216 7913 -312 1081 -4098 -1995 4220 1421 2418 6564 -2672 2165 8108 7653 -1901 332 5020 -7724 2194 -2269 -1497 -3515 4857 -1781 8876 872 -153 6401 6286 4264 -2629 1984 9759 -6781 6914 9208 -7676 -8662 5262 -7390 -7753 -5263 6012 8229 -7079 9050 3936 -4549 290 7024 -5595 9498 -8224 8364 -1973 -8988 5010 9284 -4690 4792 -7479 -7314 -7456 -4529 -2721 3579 -4496 -4774 -2161 5749 3350 9602 -1699 -8133 -248 65 -9379 -8251 -3045 8305
100 5
1093 -184 -563 1696 5677 6793 -8508 8459 -7366 7355 -9497 2693 -388 8210 -2795 9718 5547 767 6247 -4143 -8275 4903 -3702 4628 1591 7978 -1429 -6343 -7423 3398 3155 -915 -7187 -4882 2466 5727 -7974 3681 1571 -3310 -8108 8992 8947 -5024 -77 7491 2989 -8597 -7583 -1958 -6061 5042 7787 7733 -3440 -2061 1372 847 -7378 8926 6926 2381 -4101 4219 -9829 9847 -700 -2198 3475 -5232 -3502 -4595 349 3664 -5285 1650 2540 -7734 -8597 5691 -5056 2813 -4379 8232 2296 -6365 -8765 -5861 -709 7792 9890 -1720 7079 -8096 -6113 -7141
100 5
-7641 -5589 -8237 3620 -1426 -5890 -1866 -3948 -6576 -3447 -1916 -4547 -7624 -5498 9469 -1672 -8224 -3151 -372 7575 1498 -9771 -4979 -2898 6442 7231 1007 -6871 -6533 9269 6067 7442 6120 -3729 3857 -4870 4999 6461 -1941 -7467 -2185 -5755 8482 9085 -6169 -2525 9982 7704 5399 5353 8733 1415 -3507 1022 6301 186 -7522 9371 1388 5737 2594 3258 -4834 -1216 -4679 4473 -7741 2738 -9359 4844 -8968 -5726 4304 783 -5645 6049 3894 7139 -7010 4244 7399 -2226 -2440 6005 3850 -2911 -791 3418 1504 -3346 -5425 7698 9921 -861 8330 -3596
100 5
-1268 -6093 9749 1688 254 -6983 -9365 2114 -2498 9644 5349 4934 9790 8498 2258 -6165 -7270 2170 2046 -6459 9029 -4891 2377 4892 -7131 -8527 -8481 8315 -8470 2009 -9436 -7013 3379 2177 2987 -7683 -9915 -8989 -2853 1426 9072 -3232 -6855 3311 7644 4288 6134 -1896 1589 4741 -8066 2100 -3561 7476 -3263 -9982 2389 -377 -2404 -3826 -9764 -6697 5360 7080 -4705 8732 -461 5473 139 9340 7156 -6891 -7079 -3885 -8698 -5541 -172 1565 5073 7751 -4293 9443 -1671 -8641 -9643 -1899 2721 5462 -6143 -5524 -1972 2097 -7570 -2914 6811 2782
100 5
-5072 6035 6570 -625 4681 4119 -4257 9074 9060 3837 1555 -167 5038 -3360 8380 5122 5281 -7925 9828 -9720 -1753 -808 -6932 -1804 -7056 -2029 3925 2385 345 2392 9802 6692 -8924 -5389 -4831 -5160 -4774 -8908 3383 2290 -4492 6096 3463 4956 -4012 9126 -3084 1829 -6916 -4679 -8302 1952 -5523 5902 -5096 -1059 8842 -5121 -2132 9634 2444 5331 -816 -2762 6810 7942 5490 6829 -7765 3376 -9872 -8105 8917 6552 -8306 7780 -4571 194 -2928 8753 728 3166 2151 -8883 3787 2474 -7564 4722 1550 -7223 -6837 6049 5673 6286 1774 2971
100 10
5937 -3925 -6472 1073 -5591 -8696 362 -9840 7443 -6696 7982 -7085 -7876 7447 -5860 3884 -6469 -2663 183 -328 -1933 -3198 2316 -6571 -1612 -8963 9068 -5100 -3640 4137 -6304 5417 4377 -3811 5550 8173 4078 9086 5539 -4945 -2023 -2126 -7545 4283 -9974 -7462 5198 -6401 5786 4280 -8305 930 -9901 -9460 8455 6413 -7302 1850 -5414 -2102 -9489 -7692 -4401 6416 1223 8983 -709 -4738 5446 6378 -2746 -7174 5768 -4799 9955 4718 5555 6830 -6034 -7064 -3175 -4361 -4595 -6303 -2501 -6012 -1507 9408 -9686 6994 -2779
100 10
-9395 4312 387 -8431 -6455 -4364 -9635 4251 8786 -3253 4626 -8653 -96 9251 7980 -1861 -28 3755 5768 -7627 -5347 -8370 5409 -5513 -2294 -7762 9657 1631 -2177 8108 9606 -229 2511 7101 982 4284 -421 -7430 4250 4713 -1377 -2624 -5066 2839 1369 -2237 6448 -6394 -3207 -8348 2941 367 8677 -1569 6264 -2887 -7580 7127 8851 5950 503 8326 -1464 -5849 3182 5134 8371 -3603 -6120 2617 -3559 4682 -5810 -6420 -8425 4034 -366 209 9468 -4276 -389 -659 3431 1746 -7904 4605 742 -9296 -1290 -1013 -5354
100 10
2996 2737 -3622 -9538 -2362 2963 4589 -8262 8585 -6768 -9397 1615 6655 -5352 5994 9247 2230 3434 -910 5357 6327 -2253 -1 1156 3816 -6497 -7595 5288 7158 9281 2899 6912 7735 -3530 2372 -4856 2666 127 568 -1208 -2093 -9206 3636 -8213 6738 -526 -7544 -9587 -320 -1234 -5173 -9838 1032 6243 1862 3610 6360 -4946 -8671 -9949 7502 -7019 -8847 -3421 -176 8685 -6147 1215 -7037 -2958 7391 -3685 91 2768 -7325 -6452 -3539 -1168 -6052 8953 1843 305 -9692 -3210 9949 -3994 -8788 -855 -9366 9599 -1086
100 10
-2973 9339 5199 -6772 -1143 6414 -8597 -9736 -2468 -502 -8453 -2270 -6654 5163 -73 -2542 5192 1439 -3074 1558 1896 -2904 8521 -4128 -2363 3 7991 -3044 7810 4429 -5903 1747 -1873 5545 -6596 1048 -993 5345 3356 -7379 -1050 -4815 -1893 -344 -2825 -5347 -3610 3546 -4715 1414 -1151 -4721 -1377 -1308 7345 -7522 339 5867 8574 3391 -4347 6380 7090 6386 -293 -582 2130 -5397 3446 -8062 -2001 9848 -8544 -8207 9566 5673 5823 -2914 -609 -5218 3553 9606 6470 -4144 -4673 -360 -8531 5000 -2179 3836 2310
100 100
-3663
100 100
-6218
100 100
-3653
100 100
-6468
2 2
5434
5 2
4505 7995 2980 -6705
10 2
-3592 5078 -7566 -6474 9426 42 6543 -6645 3915
100 100
1965
100 2
-10000 10000 -10000 10000 -10000 10000 -10000 10000 -10000 10000 -10000 10000 -10000 10000 -10000 10000 -10000 10000 -10000 10000 -10000 10000 -10000 10000 -10000 10000 -10000 10000 -10000 10000 -10000 10000 -10000 10000 -10000 10000 -10000 10000 -10000 10000 -10000 10000 -10000 10000 -10000 10000 -10000 10000 -10000 10000 -10000 10000 -10000 10000 -10000 10000 -10000 10000 -10000 10000 -10000 10000 -10000 10000 -10000 10000 -10000 10000 -10000 10000 -10000 10000 -10000 10000 -10000 10000 -10000 10000 -10000 10000 -10000 10000 -10000 10000 -10000 10000 -10000 10000 -10000 10000 -10000 10000 -10000 10000 -10000 10000 -10000 10000 -10000
100 10
-10000 10000 -10000 10000 -10000 10000 -10000 10000 -10000 10000 -10000 10000 -10000 10000 -10000 10000 -10000 10000 -10000 10000 -10000 10000 -10000 10000 -10000 10000 -10000 10000 -10000 10000 -10000 10000 -10000 10000 -10000 10000 -10000 10000 -10000 10000 -10000 10000 -10000 10000 -10000 10000 -10000 10000 -10000 10000 -10000 10000 -10000 10000 -10000 10000 -10000 10000 -10000 10000 -10000 10000 -10000 10000 -10000 10000 -10000 10000 -10000 10000 -10000 10000 -10000 10000 -10000 10000 -10000 10000 -10000 10000 -10000 10000 -10000 10000 -10000 10000 -10000 10000 -10000 10000 -10000
100 20
-10000 10000 -10000 10000 -10000 10000 -10000 10000 -10000 10000 -10000 10000 -10000 10000 -10000 10000 -10000 10000 -10000 10000 -10000 10000 -10000 10000 -10000 10000 -10000 10000 -10000 10000 -10000 10000 -10000 10000 -10000 10000 -10000 10000 -10000 10000 -10000 10000 -10000 10000 -10000 10000 -10000 10000 -10000 10000 -10000 10000 -10000 10000 -10000 10000 -10000 10000 -10000 10000 -10000 10000 -10000 10000 -10000 10000 -10000 10000 -10000 10000 -10000 10000 -10000 10000 -10000 10000 -10000 10000 -10000 10000 -10000
100 100
-10000
100 3
-10000 10000 -10000 10000 -10000 10000 -10000 10000 -10000 10000 -10000 10000 -10000 10000 -10000 10000 -10000 10000 -10000 10000 -10000 10000 -10000 10000 -10000 10000 -10000 10000 -10000 10000 -10000 10000 -10000 10000 -10000 10000 -10000 10000 -10000 10000 -10000 10000 -10000 10000 -10000 10000 -10000 10000 -10000 10000 -10000 10000 -10000 10000 -10000 10000 -10000 10000 -10000 10000 -10000 10000 -10000 10000 -10000 10000 -10000 10000 -10000 10000 -10000 10000 -10000 10000 -10000 10000 -10000 10000 -10000 10000 -10000 10000 -10000 10000 -10000 10000 -10000 10000 -10000 10000 -10000 10000 -10000 10000 -10000 10000 -10000 10000
100 11
-10000 10000 -10000 10000 -10000 10000 -10000 10000 -10000 10000 -10000 10000 -10000 10000 -10000 10000 -10000 10000 -10000 10000 -10000 10000 -10000 10000 -10000 10000 -10000 10000 -10000 10000 -10000 10000 -10000 10000 -10000 10000 -10000 10000 -10000 10000 -10000 10000 -10000 10000 -10000 10000 -10000 10000 -10000 10000 -10000 10000 -10000 10000 -10000 10000 -10000 10000 -10000 10000 -10000 10000 -10000 10000 -10000 10000 -10000 10000 -10000 10000 -10000 10000 -10000 10000 -10000 10000 -10000 10000 -10000 10000 -10000 10000 -10000 10000 -10000 10000 -10000 10000 -10000 10000
100 21
-10000 10000 -10000 10000 -10000 10000 -10000 10000 -10000 10000 -10000 10000 -10000 10000 -10000 10000 -10000 10000 -10000 10000 -10000 10000 -10000 10000 -10000 10000 -10000 10000 -10000 10000 -10000 10000 -10000 10000 -10000 10000 -10000 10000 -10000 10000 -10000 10000 -10000 10000 -10000 10000 -10000 10000 -10000 10000 -10000 10000 -10000 10000 -10000 10000 -10000 10000 -10000 10000 -10000 10000 -10000 10000 -10000 10000 -10000 10000 -10000 10000 -10000 10000 -10000 10000 -10000 10000 -10000 10000 -10000 10000
100 99
-10000 10000
100 55
5308 -4811 6578 1771 -1893 -2142 -5684 4544 -4621 8070 9417 -407 -9934 -3312 8356 -6989 173 -4594 -8331 8251 3772 2459 -8831 -2893 5439 9056 -1799 3497 671 629 8479 3914 -292 -5070 -8045 -3295 6987 -1675 -4421 -4994 862 -3058 -5072 9093 6667 5647
100 18
-5843 -5150 734 -3314 -7667 -2993 3208 2862 9312 -6143 9098 -5662 9618 5406 -4151 -8099 1736 7746 3547 1422 4401 9032 818 -1714 -7452 9757 -3502 8589 -1641 8750 2530 5627 5175 7368 -7757 6566 -931 7460 1246 2411 -8725 3929 9175 4511 222 -7336 3138 588 -1566 -5675 -8620 -1869 7897 5127 -4820 -9592 6906 701 5844 -6536 6202 1313 2022 -9082 -4918 2492 1148 1654 -1891 9245 -9414 -5662 2709 -4428 -4678 988 5948 -4817 -2901 -5659 2144 -6300 -2854
100 45
-8317 7661 894 -8222 6292 1357 -8022 4634 -514 -2276 -8172 -1774 -4894 -2356 5484 1138 -2992 3534 -6967 9328 8873 -4736 -4014 4891 350 -5244 3473 -4569 9773 4031 720 8017 -361 -4991 -2216 4148 3728 -22 5401 3128 -7376 -4905 -2876 -6712 -5993 -2381 -547 -494 -2515 -5500 -6264 1751 7552 -1158 -549 -5693
100 27
-4344 -6251 3382 -7604 10 -1885 -8383 2985 2591 -2731 -5817 2615 907 -5863 -8866 -7474 -2334 -7847 5312 -9226 3348 7017 6293 7947 -4003 6350 -3237 -1766 -995 2893 8835 4191 7458 -3599 -4517 -4082 -1645 7240 -6528 -6285 -558 -6181 9533 -5771 -3357 8043 6778 6762 9226 1894 -5327 -2882 6317 4015 3338 -93 -1843 -1159 1425 9924 -1892 -425 2539 166 -3324 -9567 -1381 -4602 -8582 4389 5300 -8346 7195 9793
100 68
-9586 -5644 -4156 -8501 -9110 -8016 5838 -6338 1682 -6751 -6661 -38 5376 9422 -4261 9009 3854 -4819 5051 -3352 9017 1787 -8406 -9827 3930 4987 1859 7407 -3830 83 -2601 6562 -8883
100 81
-5275 9209 4403 -961 -111 1392 9207 -4005 9516 -8517 7184 7155 -3317 4244 939 189 -2226 -8229 -7558 6282
100 34
7979 -5143 -530 -9735 -7726 -559 2213 -7661 4154 129 -2972 67 2321 9821 -7327 4050 -2959 -3799 -2852 -4014 2059 2982 -500 -552 78 4062 -5858 -3015 1430 -5228 -3090 -8016 2109 -3648 -3363 4626 -3616 537 -8056 9473 8602 1835 -3315 3803 -2480 -7298 5805 903 7794 -4914 -809 4431 -3861 -6210 -7784 6710 -5692 -6160 2421 4070 -468 -6956 770 3210 -2758 -1851 -4017
100 90
-1480 -1511 489 6246 -862 -4376 5094 4471 9437 2075 198
100 78
-29 1119 5261 -3753 7976 -7851 -7159 945 6009 -8605 -173 -4078 -2009 6059 -6700 1829 -3743 9510 3073 -9197 7105 -593 -299
100 10
-6825 -1534 -4414 1313 672 -3823 854 2652 8925 9269 2483 5615 3448 8542 3204 -1600 7983 7778 -390 2830 2930 6814 2243 5733 -1354 -8695 7665 6781 -780 -2134 3812 8669 5160 7538 5065 -8027 -348 2459 8783 -9689 -5900 5746 4265 6107 1604 -4524 -981 8991 3180 -1714 -8298 4841 9538 2962 -1427 6734 -5546 1836 2042 -8604 -5069 -9208 -6909 -4539 98 -1998 -2014 -4163 9986 -9746 -3 -5965 -126 8996 -9646 326 8413 -2855 -4554 255 -8189 -966 7764 5958 -3751 -1760 -7121 -8600 -2287 -3291 9979
100 45
-516 4825 4381 -3588 -700 -7749 -442 -3123 9045 -99 3375 -727 -2367 -5649 -7970 5634 -526 -3129 -4778 9349 2286 6479 -8674 5992 1323 -6902 -847 -490 2943 3166 -7032 -2581 -7439 3831 6779 3405 3468 234 -1211 7364 -5334 -5947 -4661 -9248 6725 -9008 7322 -7301 7419 -5526 4642 -3757 -5718 9886 -7238 -1609
100 38
-5692 -7791 6482 9731 -2894 8616 -9580 -9321 8439 -1962 2795 3296 9785 -2217 943 -190 289 -3460 8383 9633 2833 -3027 -4067 298 -3688 4021 8175 -9544 -5627 5522 1231 7928 413 -7429 6783 699 997 -8825 2958 -4 3119 3777 7270 9439 -7928 -5425 -4830 7255 -8164 -4949 9927 -8447 -5642 9883 -9993 -765 7619 2256 9883 -9125 1424 4326 7397
100 32
8734 -2962 9151 4092 5469 -4439 855 7753 -9100 -359 6051 7295 8120 7794 9986 2462 -2812 9806 2925 -7342 -5729 1576 8461 -453 3231 -6972 800 9154 -6955 6076 9191 -9684 -133 5179 -8439 -5582 5194 8367 -7631 8662 -650 2213 -241 4236 1261 9366 -4172 -2712 -3549 9659 3053 -4206 3626 -7534 6037 4234 -3563 -9598 -103 -1752 6330 6596 3537 -5044 2293 7634 3051 3796 -7240
100 10
515 6598 5394 7552 703 9190 9110 4053 -5825 -7442 -8470 4190 -5930 4479 521 9836 -2347 -4749 1849 -1407 -1839 8821 -4581 -6252 8514 -937 3421 1654 -2772 8382 -2377 3163 9489 -2960 -2564 5094 -8923 7574 -3180 7988 -6214 -1 6350 6708 -5491 458 -5695 -3447 4212 4582 9503 -4726 9000 -7171 -1479 3031 6943 -8068 -779 1056 -8849 -4333 -2281 -4009 -5499 1529 -7823 -6876 -8317 7325 7385 9271 2652 -2719 -3366 -6397 3 4141 2782 -5362 -7661 7580 -6837 -5981 8013 3094 -7925 4671 -4321 2856 -4096
100 66
6695 -7000 1593 -7638 2387 -532 6987 3292 7353 -9495 -2440 7785 -1812 7288 -9595 -4684 -562 7806 4704 8802 -203 -1227 6637 -8673 2215 9858 -4780 999 9406 8930 -78 7142 -9863 2138 6485
100 73
8548 8239 -8618 -4999 4004 -5115 -2239 -7154 4441 -6953 2001 2355 -2156 -626 -8982 5106 9020 6045 -4540 -7112 2828 8174 5629 -7640 -457 7494 7331 6533
100 58
4185 3226 9227 978 7356 729 -6492 884 340 2470 6465 -915 533 -5249 2215 5980 5559 -6574 9775 -8036 -7476 -7666 7801 7405 6882 8115 9036 -7102 -300 7992 -3805 8241 -8476 -880 -4017 5433 1184 -2282 -2675 -6836 9424 -4090 -1615
100 53
3803 -9254 8642 -2399 639 9618 911 -1524 6950 9583 3143 2385 8784 -173 4722 -3473 3894 -7732 1573 -5241 3661 -1895 7897 9269 -8936 5086 -3884 500 -7801 -7266 -4604 -2429 -5704 4298 6027 1317 -9417 5384 -3890 -7988 108 -1569 2119 4584 -2865 -6713 -5270 6081
100 79
5100 -5663 -7237 7409 -8095 9208 -3246 9777 1406 8264 -2588 2397 -6627 3891 3269 960 9170 -8752 3816 -2232 2198 -5322
100 33
-8729 3087 -7975 -8633 -4127 -5398 -9482 1206 -3402 -1170 3090 -7493 7380 7269 813 -9417 -9805 -1906 -7160 -5903 1625 -2581 -3431 9126 875 -6669 6267 -7699 -4782 -5103 8486 -1101 -5184 -5226 7652 -7178 -5056 1373 1096 9132 9217 -492 -4025 1112 5032 8644 5796 -6737 317 -4613 176 -9517 -4982 8034 -7832 -935 5329 -5675 3913 -3100 -5965 838 -9920 8660 2390 -5673 7498 6873
100 89
8652 -2324 -474 -3967 7799 -9724 8660 -2983 677 -5183 3184 432
100 46
-6249 -2029 -9941 -361 -508 3838 -7524 861 -8105 -5200 2096 7524 -3270 7260 -988 358 5054 9871 4733 1412 334 6761 1177 -5646 8399 -4003 664 2015 7956 1466 4821 2445 1861 2011 -7452 -3088 3626 603 3155 6511 -1565 7450 747 -3458 8602 -1761 -3127 -5889 4374 7625 -7783 2820 6983 -2030 -239
100 87
-5180 -3661 6940 2170 -1730 -5846 -8024 7100 6367 526 -963 -9920 -3723 3200
100 36
8415 5777 154 -6314 -6082 4339 -3166 -6420 1011 5474 66 -4890 1025 8488 -4250 555 -7999 187 6353 -6714 6846 4953 9927 -379 -9902 736 4327 9553 5099 2426 4562 9153 7216 -4510 266 -5034 8794 2974 -7872 -9812 6558 422 7920 -3849 5876 6607 -7713 -4874 -6390 8179 -4817 -1745 -4008 771 6719 4791 2969 -5587 -2829 7758 -8020 -2264 7392 5138 -3254
100 86
-3079 5514 -2193 6502 -442 4840 -1992 -2559 4881 6452 -7534 2433 2333 -4142 623
100 39
-9248 -6028 3218 5388 3003 7475 -7593 9716 355 -9853 -7495 7479 -2903 3825 9485 64 -2078 6644 -6123 -4536 2025 -2855 6903 5491 4121 2459 1047 9233 -4938 -4912 7181 1413 -3241 4388 -6310 8699 -4472 3847 -7500 2201 -3644 -836 -3687 -6047 -22 -4050 -8553 -8454 -1066 1818 3671 -2603 -5632 -4140 -5979 -3946 -9422 -7418 8081 1481 4639 -55
100 23
-413 -7807 -9431 -8346 -2561 3330 9146 93 -2735 -8570 -9692 3815 9362 7234 2730 -7937 7778 -2329 -4977 2767 8454 4794 8990 9604 3079 9765 6158 306 6818 4098 -4953 -9256 -8993 -1464 9276 1469 8168 -4186 -5758 -5010 -9064 -9214 -2125 -9593 -3670 697 -7476 -7988 1512 -1614 5060 -8930 4896 -5781 -7895 -4386 817 -9145 1146 5712 -9396 -4525 4269 7984 -7856 3650 4414 4121 9077 3057 -6814 4775 -5030 -309 6250 -1398 5043 4320
100 37
1803 8359 -8556 1290 6501 1381 -6101 4399 8404 3022 -6974 -9565 2430 -9155 -9818 4832 -1581 4467 -2508 -8258 634 2125 -7744 -4333 7013 -3287 -5714 -9371 8077 145 -9980 3591 3553 8917 -4304 1606 -8642 -8516 541 -4696 -7863 -1680 -310 4556 -97 -3760 2222 9996 2621 -6398 -6918 5817 276 9536 -9333 491 1948 -3458 -7106 7551 -3344 -7315 -1771 4692
100 80
6172 4736 4730 3824 6681 -5145 -1679 118 3821 5209 3339 -2707 -4000 -8639 -6394 -1175 -2970 1413 -8946 2356 912
