100
1 198598
247475 1 684005323 457607
598869 941 964065580 676069
1000 982
621 2 7 997
899 1 1 900
911541 449900
179354 1 80023357 430882
119720 1 1 119721
956385 492226
808003 1 1 897289
511325 1 1 511326
987651 671936
236041 1 416951629 453880
841269 1 1 841270
898099 402178
769227 1 1 851807
814100 1 1 814101
879312 424600
726082 1 1 798381
445719 1 1 445720
863294 316888
486294 518 271121618 614017
12209 350 30190389 76281
1 395
18 246 615815 60
73 228 14618 195
800975 895013
291349 1 11277354 503065
86333 1 1 86334
1000000 889094
250609 1 392318663 554090
46781 135 267081197 251704
872874 573452
239808 1 213432720 476239
849126 1 1 849127
803297 565483
380534 1 1 744307
992035 1 1 992036
596821 582921
289558 30 856434660 913654
29240 655 664473163 848783
904810 740636
216485 1 321520715 522492
821642 1 1 821643
987097 151543
263454 1 53399157 472259
888208 1 1 888209
1000000 850509
888888 2 7 987553
899999 1 899999 900000
944142 45471
282285 1 722906605 579354
866008 1 1 866009
1000 999
1 1 1 1000
999 1 1 1000
855115 180986
133947 1 1 726095
733322 975 922034692 761839
834972 368348
395599 1 1 726041
446215 1 1 446216
849395 14902
258998 1 433614625 504811
434445 1 1 434446
900715 69430
252679 1 946462731 572762
79371 1 1 79372
992418 844882
308551 1 294833954 598029
894699 1 1 894700
883377 380861
405038 1 1 739372
473886 1 1 473887
813193 381095
652307 1 1 723889
415038 1 1 415039
153 316
246 793 665342333 558
110 937 683957056 168
985585 756328
159989 1 1 874960
858825 1 1 858826
911442 12789
251843 1 272701886 489749
811676 1 1 811677
803932 416019
194431 1 568762700 402607
409072 1 1 409073
982539 466125
873327 1 1 958073
1919 753 200469047 175544
1 904955
203065 1 872808877 449189
360077 985 692572344 960534
997427 417698
405721 1 1 811260
904557 1 1 904558
966601 35863
200314 1 145020026 479475
485940 1 1 485941
485999 575336
150563 38 562046247 223778
581123 664 570967749 734140
873055 398840
782689 1 1 868579
801769 1 1 801770
930818 875868
237239 1 68173415 577878
93468 1 1 93469
6 5
10 1 3 17
5 2 7 19
878677 327306
582787 873 312763090 897960
217468 570 18897454 229714
198178 277599
256531 1 367180753 572992
45386 907 104644574 171623
892962 431100
799748 1 1 886648
830356 1 1 830357
839809 1310
173837 1 135480803 415062
78310 1 1 78311
994606 644795
228325 1 154424572 438411
854662 1 1 854663
1000 700
1 1 1 1000
999 1 1 1000
875003 718749
137733 1 1 825730
803734 1 1 803735
123295 673728
266105 277 222092382 507416
8953 342 265162241 28498
867497 943071
213413 1 443585038 460775
412708 1 1 412709
949744 577276
479061 1 1 942908
876078 1 1 876079
968547 460586
487477 1 1 873789
461365 1 1 461366
878223 426301
778689 1 1 865061
821911 1 1 821912
836352 349703
136824 330 194635082 885261
4570 576 780648125 269822
723227 606915
487379 126 529624726 803572
500626 957 409647184 934458
1000000 9045
229369 1 881340073 491127
191136 423 351604795 828534
1000000 987525
888888 2 7 987553
899999 1 1 900000
877934 405555
687587 1 1 762369
712081 842 146324277 773718
990076 595634
39342 116 316137748 195505
398244 800 949786961 489449
1000000 800000
1 1 1 1000000
999999 1 1 1000000
1000000 585576
215436 1 712467503 497441
186744 83 1706462 386145
873855 720190
155532 1 1 818767
823588 1 1 823589
492574 120078
810076 240 680853424 831406
137676 17 312283627 194179
1000000 800000
999999 1 999999 1000000
999999 1 1 1000000
704 381
610 173 693509044 967
639 130 371505459 953
952953 668310
481973 1 1 950038
861024 1 1 861025
832777 736037
136295 1 1 828506
826700 1 1 826701
976725 863186
158278 1 1 967937
897733 1 1 897734
817744 704746
151879 1 1 810297
804382 1 1 804383
861169 769060
155026 1 1 854417
859966 1 1 859967
963732 810358
151444 1 1 904865
850313 1 1 850314
879608 733794
135200 1 1 812351
837748 1 1 837749
888717 844465
277440 1 849997473 513082
435741 1 1 435742
39742 823917
725230 561 687822574 838565
732125 616 838099197 886298
931752 889229
280807 1 308124519 542942
827942 1 1 827943
731707 581961
80790 127 944786719 187143
338295 441 126376942 430223
983485 440
283451 1 201627364 510941
77491 1 1 77492
926972 331966
162775 870 415284759 519573
308039 897 638649062 792924
186001 907026
652608 410 856314694 856210
81806 57 702718812 427442
939225 172085
234304 1 622683048 566815
451214 1 1 451215
954209 444734
819220 1 1 898890
54630 915 236202247 291603
206975 285116
121825 360 317972758 323809
468176 577 546330326 863735
10 13
28 931 601463 36
231 539 556432 258
1 681917
227220 1 162826577 563082
100891 9 521321610 216610
968370 403204
186266 160 879713396 656340
963979 78 886543022 988001
912059 700611
261087 1 671299205 563601
542399 1 1 542400
812559 592578
419611 1 1 804465
959216 1 1 959217
925134 969814
248584 1 543316889 516616
817542 1 1 817543
897823 133361
285220 1 95046031 591874
302942 503 858905771 349909
652951 754404
183022 954 60476940 314194
731639 738 497299161 811454
849020 754907
139309 1 1 832098
915538 1 1 915539
951087 595596
466462 1 1 914965
856341 1 1 856342
818145 703931
158339 1 1 807647
996873 1 1 996874
847820 676882
154872 1 1 841117
928060 1 1 928061
953836 754120
72932 451 541363108 217432
310726 135 449320330 756111
668079 668777
337012 875 482394645 413176
36722 56 251759631 131548
868250 5199
237472 1 462876962 560165
86441 1 1 86442
863274 753295
147792 1 1 855449
995563 1 1 995564
980869 4051
206124 1 116777857 454450
433958 1 1 433959
1000 999
999 1 999 1000
999 1 1 1000
975421 441868
868465 1 1 944531
280762 634 14876004 716616
969464 826035
172134 1 1 927729
882836 1 1 882837
918607 764859
151506 1 1 890027
917661 1 1 917662
