100
582 627
599 99 203956606 704
765 248 543009409 862
822 760
327 560 277342900 559
802 1 1 803
882 431
716 1 1 795
470 1 1 471
219 184
522 402 210280197 541
20 310 851501549 768
945 143
557 169 348147371 880
12 444 229370174 87
153 316
246 793 665342333 558
110 937 683957056 168
148 612
189 289 309577943 432
178 468 508784152 190
934 684
597 944 490664650 856
513 189 340691458 519
930 721
143 1 1 848
835 1 1 836
864 409
775 1 1 859
807 1 1 808
839 174
144 1 1 765
529 899 603202441 548
839 951
218 177 635324343 484
831 1 1 832
980 255
7 9 429485973 839
474 703 728226635 533
949 482
854 1 1 945
827 1 1 828
268 271
69 503 27838955 137
768 687 654797544 869
831 388
680 1 1 743
3 956 116997358 426
1 207
202 428 830053269 427
495 663 994512350 598
969 860
200 1 388894060 421
884 1 1 885
368 74
203 741 932623379 509
303 325 778583005 368
1000 843
212 526 642197351 525
16 263 668172825 162
862 452
764 1 1 842
277 680 98312624 382
906 455
502 1 1 867
411 1 1 412
974 757
333 575 607060191 574
883 1 1 884
621 629
733 906 667602685 807
197 511 927013101 552
940 657
136 1 1 821
840 1 1 841
136 258
29 933 155781911 353
144 78 970173552 188
858 107
244 1 828301073 435
475 1 1 476
914 781
302 583 849583301 582
821 1 1 822
800 638
123 1 1 751
809 1 1 810
1 395
18 246 615815 60
73 228 14618 195
849 418
409 1 1 812
825 1 1 826
1000 493
873 1 1 970
885 1 1 886
906 988
236 590 13632055 589
447 1 1 448
255 772
119 952 276730467 472
242 720 943192892 675
866 863
170 853 414082597 426
461 639 436648617 561
990 501
539 1 1 954
458 1 1 459
899 739
139 1 1 819
814 1 1 815
850 337
678 1 1 748
426 1 1 427
820 644
147 1 1 809
811 1 1 812
816 677
137 1 1 764
924 1 1 925
804 423
704 1 1 779
482 1 1 483
804 760
227 546 183340243 545
40 40 733842573 101
809 719
150 1 1 801
907 1 1 908
996 597
492 1 1 970
910 1 1 911
1 380
269 474 421447570 473
88 726 551146159 458
1000 38
214 909 632566365 454
14 482 222656149 64
860 740
138 1 1 822
857 1 1 858
66 72
39 466 309142031 282
504 27 626177047 618
427 138
206 747 236691286 417
330 977 763110284 420
870 413
781 1 1 864
799 1 1 800
975 482
792 1 1 880
506 1 1 507
712 244
540 119 152967987 722
213 391 544434790 346
65 120
593 606 190688747 967
69 43 789149785 990
871 377
377 1 1 711
432 1 1 433
1000 982
621 2 7 997
899 1 1 900
6 5
10 1 3 17
5 2 7 19
570 587
161 407 742995249 879
304 667 584856984 998
807 952
205 470 710361042 469
402 1 1 403
805 583
209 420 442460762 419
414 1 1 415
812 887
267 1 333191156 517
807 1 1 808
934 424
433 1 1 846
452 1 1 453
822 503
254 1 868047539 464
801 1 1 802
921 450
818 1 1 905
801 1 1 802
830 79
242 857 703598535 428
907 1 1 908
868 735
138 1 1 831
816 1 1 817
906 514
507 1 1 877
452 1 1 453
362 864
133 251 346001836 179
38 239 8387857 49
850 721
157 1 1 846
814 1 1 815
829 411
733 1 1 812
889 1 1 890
1000 999
999 1 999 1000
999 1 1 1000
933 176
312 858 508920961 590
121 855 973001583 987
966 494
805 1 1 892
462 1 1 463
335 500
214 276 958467824 364
697 923 307540030 738
1000 999
1 1 1 1000
999 1 1 1000
1000 700
1 1 1 1000
999 1 1 1000
924 774
148 1 1 883
838 1 1 839
1 646
213 1 700682489 480
40 660 29925979 62
974 434
838 1 1 925
502 1 1 503
877 770
142 1 1 867
802 1 1 803
31 442
103 370 736280596 185
351 849 138918185 653
805 415
198 403 503455363 402
77 1 1 78
833 694
153 1 1 832
874 1 1 875
842 752
232 1 903438452 485
94 1 1 95
832 642
133 1 1 802
840 1 1 841
845 717
635 892 191299845 809
601 973 557150004 609
105 145
75 531 721911677 95
171 893 648247535 275
911 669
229 819 66779776 409
96 1 1 97
931 778
152 1 1 874
855 1 1 856
1000 3
219 534 921642460 533
142 152 587914108 264
834 670
141 1 1 800
835 1 1 836
983 469
876 1 1 971
891 1 1 892
704 381
610 173 693509044 967
639 130 371505459 953
959 583
335 591 312606047 590
850 1 1 851
884 641
205 479 840322779 478
450 1 1 451
950 3
297 530 286396990 529
891 1 1 892
815 355
681 1 1 745
152 44 453396323 162
890 3
192 1 350340531 442
70 1 1 71
10 13
28 931 601463 36
231 539 556432 258
807 173
286 106 794007841 525
76 1 1 77
929 783
149 1 1 901
817 1 1 818
